0	3.90183	0.906716	2.89571	1.0639e-07	-4.48349e-07	0	-4.11018e-07	-9.65581e-08	-1.80597e-07	4.95294e-09	-2.29548e-08	0	
0.102564	3.90139	0.906593	2.85537	0.0281369	-0.101927	0	-0.00889016	-0.00245188	-0.806743	0.562733	-2.03853	0	
0.205128	3.89871	0.905891	2.73417	0.0789289	-0.311195	0	-0.0446798	-0.0115905	-1.6172	0.453106	-2.14683	0	
0.307692	3.8793	0.901223	2.55993	0.112584	-0.462201	0	-0.34355	-0.081765	-1.8676	0.220002	-0.873271	0	
0.410256	3.79643	0.882167	2.41705	0.120501	-0.494439	0	-1.31375	-0.299352	-0.990037	-0.0616729	0.228509	0	
0.512821	3.64132	0.846868	2.31608	0.106303	-0.434185	0	-1.78846	-0.40661	-1.02928	-0.222282	0.976565	0	
0.615385	3.45201	0.803769	2.18988	0.0823563	-0.333915	0	-1.99769	-0.455377	-1.49483	-0.256654	1.02883	0	
0.717949	3.24203	0.755771	2.0267	0.0565612	-0.227157	0	-2.20195	-0.504576	-1.76865	-0.259247	1.10634	0	
0.820513	3.01388	0.703333	1.8456	0.0317546	-0.123536	0	-2.36089	-0.544178	-1.8534	-0.236884	0.966061	0	
0.923077	2.77366	0.647818	1.66408	0.00974642	-0.0325823	0	-2.44361	-0.566122	-1.77703	-0.203278	0.853019	0	
1.02564	2.52956	0.591163	1.49455	-0.00825124	0.0418503	0	-2.43831	-0.566978	-1.61354	-0.156674	0.635631	0	
1.12821	2.28982	0.535346	1.34286	-0.0217412	0.0971017	0	-2.35659	-0.549368	-1.42033	-0.113124	0.469396	0	
1.23077	2.0609	0.481935	1.20977	-0.0308754	0.134344	0	-2.2217	-0.518844	-1.24135	-0.0695586	0.275455	0	
1.33333	1.847	0.43195	1.09317	-0.0362262	0.155705	0	-2.05634	-0.480862	-1.09072	-0.0374586	0.151749	0	
1.4359	1.65028	0.385925	0.99017	-0.038524	0.164548	0	-1.87815	-0.439637	-0.969219	-0.00849658	0.0251277	0	
1.53846	1.4714	0.344038	0.898089	-0.0385253	0.163824	0	-1.69945	-0.398094	-0.872412	0.00847136	-0.0396202	0	
1.64103	1.31003	0.30623	0.814854	-0.0369004	0.156539	0	-1.52788	-0.358057	-0.792289	0.024025	-0.106083	0	
1.74359	1.16521	0.272291	0.739025	-0.0342217	0.144889	0	-1.36847	-0.320738	-0.724279	0.0295491	-0.126898	0	
1.84615	1.0356	0.241915	0.669638	-0.0309433	0.130917	0	-1.22381	-0.286781	-0.663466	0.0360202	-0.152544	0	
1.94872	0.919645	0.214749	0.606049	-0.0274143	0.115915	0	-1.09522	-0.256538	-0.608307	0.034559	-0.147496	0	
2.05128	0.815745	0.190419	0.547776	-0.0238949	0.101077	0	-0.98276	-0.230053	-0.557143	0.0358286	-0.149269	0	
2.15385	0.72232	0.168557	0.494426	-0.0205637	0.0870171	0	-0.885742	-0.207191	-0.50986	0.0307963	-0.131926	0	
2.25641	0.637889	0.148814	0.445626	-0.0175488	0.0743575	0	-0.802866	-0.187661	-0.46614	0.0295	-0.121265	0	
2.35897	0.561123	0.130877	0.401014	-0.0149242	0.0633101	0	-0.732462	-0.171081	-0.42609	0.0229923	-0.0996835	0	
2.46154	0.490869	0.114473	0.360229	-0.0127472	0.0541857	0	-0.672613	-0.157003	-0.38961	0.0205474	-0.0828043	0	
2.5641	0.426175	0.0993755	0.322916	-0.01104	0.0470101	0	-0.621261	-0.144943	-0.356651	0.013596	-0.0607064	0	
2.66667	0.366298	0.0854085	0.28873	-0.00983001	0.0419563	0	-0.576275	-0.134397	-0.327067	0.0106047	-0.0403701	0	
2.76923	0.31071	0.0724459	0.257342	-0.00911497	0.0389694	0	-0.53549	-0.124854	-0.30069	0.00369617	-0.0193685	0	
2.87179	0.259098	0.0604129	0.228435	-0.00890328	0.0381303	0	-0.496756	-0.115807	-0.277448	0.000537716	0.00258691	0	
2.97436	0.21136	0.0492844	0.201693	-0.00916386	0.0392771	0	-0.45799	-0.106763	-0.257396	-0.00574936	0.0203496	0	
3.07692	0.167599	0.039083	0.176828	-0.00986423	0.0423011	0	-0.417239	-0.0972635	-0.239915	-0.00825809	0.0401308	0	
3.17949	0.128088	0.0298724	0.153444	-0.0109067	0.0467736	0	-0.372974	-0.0869487	-0.227762	-0.0125915	0.0493171	0	
3.28205	0.093253	0.0217513	0.131355	-0.0121647	0.0521575	0	-0.323725	-0.0754731	-0.214009	-0.0125677	0.0583618	0	
3.38462	0.0635719	0.014831	0.109948	-0.0134072	0.0574833	0	-0.269895	-0.0629311	-0.214141	-0.012283	0.048154	0	
3.48718	0.0395553	0.00923065	0.0894175	-0.0143372	0.0614419	0	-0.210435	-0.0490763	-0.196461	-0.00631578	0.0310174	0	
3.58974	0.0215032	0.00502005	0.0690501	-0.0145069	0.0621815	0	-0.150607	-0.0351354	-0.210886	0.00292015	-0.0162243	0	
3.69231	0.00948718	0.00221623	0.0498471	-0.0133592	0.0572201	0	-0.0897109	-0.0209407	-0.173174	0.0200354	-0.0830053	0	
3.79487	0.00297386	0.000695366	0.03223	-0.0101564	0.0435213	0	-0.0405541	-0.00947624	-0.179167	0.0440196	-0.190969	0	
3.89744	0.000473111	0.000110785	0.0166359	-0.00397772	0.0169865	0	-0.00945944	-0.00221505	-0.132716	0.0795537	-0.339727	0	
4	6.85102e-08	1.59883e-08	0.01	-2.03013e-08	8.70114e-08	0	-3.39782e-08	-7.92926e-09	-1.19725e-09	8.15958e-10	-3.50379e-09	0	
