0	6.28318	16	1.23645	-5.68859	
0.102564	6.28318	16	-0.0605436	-2.02678	
0.205128	6.28318	16	-0.164835	1.70274	
0.307692	9.61364	16.9337	0.00536144	-0.0746886	
0.410256	10.8388	17.1593	-0.0757211	0.516499	
0.512821	9.22772	16.6362	0.0179125	-0.0765565	
0.615385	9.33282	16.6639	-0.0506637	0.26491	
0.717949	9.46126	16.6802	0.0432452	-0.172923	
0.820513	9.56415	16.6877	-0.0367428	0.101252	
0.923077	9.68622	16.7016	0.0490898	-0.169866	
1.02564	9.72888	16.6973	-0.0321901	0.0370992	
1.12821	9.73808	16.687	0.0484078	-0.14286	
1.23077	9.71451	16.6715	-0.031945	0.0188927	
1.33333	9.68899	16.6585	0.0448268	-0.105731	
1.4359	9.65467	16.6462	-0.0330229	0.0183004	
1.53846	9.63074	16.6388	0.0405893	-0.0702758	
1.64103	9.60605	16.6332	-0.033818	0.0211201	
1.74359	9.58965	16.6308	0.0367793	-0.0423774	
1.84615	9.57369	16.6295	-0.0338118	0.0221613	
1.94872	9.56169	16.6299	0.0336926	-0.0230411	
2.05128	9.55004	16.6309	-0.0330654	0.0209379	
2.15385	9.54003	16.6325	0.0312449	-0.0109258	
2.25641	9.53039	16.6343	-0.0318453	0.0187208	
2.35897	9.52149	16.6365	0.0292432	-0.00410756	
2.46154	9.51318	16.6389	-0.0304256	0.0169823	
2.5641	9.50526	16.6416	0.0275304	-0.00104702	
2.66667	9.49798	16.6446	-0.028992	0.0166856	
2.76923	9.49101	16.648	0.0260541	-0.00108006	
2.87179	9.48426	16.6517	-0.0275969	0.0179456	
2.97436	9.47746	16.6558	0.0248966	-0.00458425	
3.07692	9.47344	16.661	-0.0261384	0.0197793	
3.17949	9.45664	16.6635	0.0242818	-0.0128564	
3.28205	9.47994	16.6765	-0.0243688	0.0199243	
3.38462	9.40228	16.6646	0.0245706	-0.0278134	
3.48718	9.54685	16.7088	-0.0219863	0.0152433	
3.58974	9.2684	16.6463	0.0262751	-0.0518648	
3.69231	9.73489	16.7696	-0.0188693	0.00336622	
3.79487	9.05695	16.6005	0.0298456	-0.0864056	
3.89744	9.94852	16.8413	-0.0144401	-0.0216741	
4	9.40361	16.7527	-0.0173324	0.24807	
