0	4.83306	2.13025	3.26499	2.12193e-07	-4.55838e-07	0	-3.93359e-07	-1.76252e-07	-2.00624e-07	9.94762e-09	-2.35673e-08	0	
0.102564	4.8325	2.12995	3.22464	0.0689815	-0.127603	0	-0.0111267	-0.00600559	-0.806958	1.37962	-2.55204	0	
0.205128	4.82893	2.12813	3.10414	0.193471	-0.387119	0	-0.0601743	-0.0303898	-1.60321	1.11017	-2.63827	0	
0.307692	4.80184	2.11568	2.9342	0.275052	-0.571381	0	-0.481578	-0.218626	-1.79543	0.521439	-1.04696	0	
0.410256	4.68527	2.06513	2.80407	0.291934	-0.605242	0	-1.84983	-0.792315	-0.807291	-0.183783	0.369742	0	
0.512821	4.46804	1.97215	2.72341	0.254085	-0.522393	0	-2.49486	-1.06738	-0.805908	-0.573211	1.28722	0	
0.615385	4.21119	1.8621	2.6083	0.194057	-0.394659	0	-2.64199	-1.13361	-1.49629	-0.627332	1.26747	0	
0.717949	3.94021	1.74552	2.42923	0.131456	-0.263066	0	-2.77767	-1.19804	-2.08497	-0.624695	1.3644	0	
0.820513	3.65453	1.62174	2.21062	0.0720826	-0.136048	0	-2.93598	-1.27756	-2.28728	-0.562771	1.17595	0	
0.923077	3.35654	1.4915	1.98675	0.0199474	-0.026097	0	-3.02367	-1.32721	-2.19008	-0.47993	1.02308	0	
1.02564	3.05527	1.35885	1.77843	-0.0222436	0.0627088	0	-3.0018	-1.32584	-1.97642	-0.36389	0.753034	0	
1.12821	2.76102	1.22861	1.59398	-0.0533059	0.127292	0	-2.8831	-1.27879	-1.71254	-0.257356	0.538621	0	
1.23077	2.48184	1.10461	1.43463	-0.0737827	0.169359	0	-2.70055	-1.20121	-1.47433	-0.152178	0.30273	0	
1.33333	2.22253	0.989161	1.29674	-0.0852542	0.192151	0	-2.48574	-1.10784	-1.28358	-0.0772536	0.153099	0	
1.4359	1.98521	0.883324	1.17575	-0.0896477	0.200106	0	-2.26069	-1.00891	-1.13624	-0.010616	0.00600686	0	
1.53846	1.77019	0.787326	1.06776	-0.0888576	0.197102	0	-2.03971	-0.91104	-1.02359	0.0264181	-0.0660784	0	
1.64103	1.57667	0.70088	0.969949	-0.0845006	0.186797	0	-1.83058	-0.817883	-0.932554	0.060722	-0.140037	0	
1.74359	1.40323	0.623394	0.880515	-0.0779062	0.171822	0	-1.63828	-0.731827	-0.856125	0.0711667	-0.159464	0	
1.84615	1.24807	0.554103	0.798349	-0.0701076	0.154527	0	-1.46495	-0.653983	-0.78719	0.0848051	-0.186427	0	
1.94872	1.10923	0.492155	0.722787	-0.0618746	0.136363	0	-1.31167	-0.584978	-0.724048	0.0798531	-0.176843	0	
2.05128	0.984748	0.436669	0.653357	-0.0537752	0.118657	0	-1.17805	-0.524744	-0.664549	0.082135	-0.177289	0	
2.15385	0.872692	0.386787	0.589679	-0.0461834	0.10205	0	-1.06305	-0.472896	-0.609022	0.0697017	-0.15484	0	
2.25641	0.771293	0.341708	0.531368	-0.0393678	0.087216	0	-0.964933	-0.42869	-0.557195	0.0666092	-0.141844	0	
2.35897	0.678966	0.300713	0.478034	-0.0334714	0.0743464	0	-0.881595	-0.391207	-0.509472	0.051318	-0.115548	0	
2.46154	0.594352	0.263183	0.429268	-0.02861	0.0637765	0	-0.810686	-0.359392	-0.465853	0.0459112	-0.0958479	0	
2.5641	0.516331	0.228607	0.384657	-0.0248193	0.0555072	0	-0.749728	-0.332124	-0.426362	0.0299028	-0.0695395	0	
2.66667	0.444036	0.196588	0.343795	-0.0221554	0.0497353	0	-0.696175	-0.308245	-0.390878	0.0233746	-0.045898	0	
2.76923	0.376854	0.166847	0.306288	-0.0206075	0.0463875	0	-0.647459	-0.28659	-0.359253	0.00758376	-0.0210586	0	
2.87179	0.31443	0.139217	0.271755	-0.0201948	0.0455661	0	-0.601033	-0.266006	-0.331418	0.000669894	0.0046322	0	
2.97436	0.256656	0.113647	0.239807	-0.0208459	0.0470822	0	-0.55444	-0.245382	-0.307531	-0.0136918	0.0256882	0	
3.07692	0.203665	0.0901943	0.210077	-0.0224901	0.0508159	0	-0.505369	-0.223679	-0.287076	-0.0191927	0.0489864	0	
3.17949	0.155795	0.0690056	0.182072	-0.0249064	0.0562629	0	-0.452029	-0.200094	-0.273034	-0.0291338	0.0599535	0	
3.28205	0.11356	0.0503084	0.155493	-0.0278106	0.06279	0	-0.392679	-0.173848	-0.258526	-0.0289493	0.070588	0	
3.38462	0.0775336	0.0343573	0.129602	-0.0306784	0.0692447	0	-0.327845	-0.145174	-0.259299	-0.0284073	0.0585066	0	
3.48718	0.0483337	0.0214257	0.104539	-0.0328367	0.0740651	0	-0.256151	-0.113459	-0.241973	-0.0147579	0.0379014	0	
3.58974	0.0263276	0.0116766	0.0795877	-0.0332625	0.0750306	0	-0.18397	-0.0815233	-0.257044	0.00624086	-0.0185922	0	
3.69231	0.0116299	0.00516179	0.0560423	-0.0306717	0.0691287	0	-0.109982	-0.048772	-0.213862	0.0455764	-0.0994448	0	
3.79487	0.00364545	0.0016197	0.0350259	-0.0233475	0.0526431	0	-0.0497058	-0.0220693	-0.206465	0.100908	-0.230268	0	
3.89744	0.000580113	0.000258131	0.0173514	-0.00915107	0.0205649	0	-0.0115995	-0.00516141	-0.147026	0.18302	-0.411295	0	
4	6.77859e-08	3.00589e-08	0.01	-3.83748e-08	8.65421e-08	0	-3.34818e-08	-1.48483e-08	-1.06256e-09	1.54123e-09	-3.48196e-09	0	
