0	3.02285	3.49001	3.32343	4.54506e-07	-3.79556e-07	0	-3.49331e-07	-3.97694e-07	-2.61798e-07	2.11953e-08	-1.94273e-08	0	
0.102564	3.02251	3.48953	3.28308	0.109447	-0.0779352	0	-0.00679886	-0.00953805	-0.806893	2.18891	-1.55869	0	
0.205128	3.02045	3.48679	3.16177	0.307373	-0.238227	0	-0.0342697	-0.0451931	-1.6193	1.7696	-1.64715	0	
0.307692	3.00532	3.4683	2.98651	0.438331	-0.354088	0	-0.268341	-0.324632	-1.88589	0.849565	-0.670073	0	
0.410256	2.93748	3.38907	2.84506	0.466858	-0.378216	0	-1.08854	-1.26003	-0.943219	-0.279018	0.187528	0	
0.512821	2.81073	3.2426	2.74545	0.407827	-0.331238	0	-1.44642	-1.66926	-1.04895	-0.901596	0.752022	0	
0.615385	2.66017	3.06876	2.60985	0.312667	-0.255108	0	-1.56479	-1.80748	-1.663	-1.00162	0.770569	0	
0.717949	2.4973	2.88043	2.42272	0.212595	-0.175115	0	-1.69248	-1.95921	-2.07963	-0.999807	0.829305	0	
0.820513	2.3222	2.67749	2.20786	0.117259	-0.0969273	0	-1.80946	-2.09954	-2.21748	-0.906925	0.734437	0	
0.923077	2.13794	2.46354	1.99005	0.0331625	-0.0277708	0	-1.87581	-2.17939	-2.13872	-0.774992	0.64869	0	
1.02564	1.9504	2.24566	1.78591	-0.0351613	0.0291559	0	-1.875	-2.17822	-1.94405	-0.591481	0.48984	0	
1.12821	1.76598	2.03153	1.6034	-0.0857946	0.0715733	0	-1.81344	-2.10441	-1.7061	-0.421184	0.358507	0	
1.23077	1.58983	1.82728	1.44382	-0.119474	0.100154	0	-1.70947	-1.98066	-1.48557	-0.252407	0.213108	0	
1.33333	1.42527	1.63677	1.30444	-0.138615	0.116595	0	-1.5817	-1.82953	-1.30198	-0.130409	0.115715	0	
1.4359	1.27397	1.4619	1.18156	-0.146214	0.123466	0	-1.44435	-1.6679	-1.15574	-0.0215646	0.0216995	0	
1.53846	1.1364	1.30315	1.07176	-0.14529	0.123099	0	-1.30701	-1.50692	-1.04009	0.0400475	-0.029044	0	
1.64103	1.01228	1.16014	0.972501	-0.13845	0.117757	0	-1.17549	-1.35325	-0.945184	0.096736	-0.0777942	0	
1.74359	0.900829	1.03193	0.882008	-0.127873	0.109135	0	-1.05347	-1.21106	-0.864673	0.114805	-0.0946527	0	
1.84615	0.801016	0.917255	0.799141	-0.115252	0.0987428	0	-0.942805	-1.08242	-0.792663	0.137612	-0.113181	0	
1.94872	0.711652	0.814716	0.723148	-0.101865	0.0875703	0	-0.844458	-0.968366	-0.7272	0.130139	-0.110269	0	
2.05128	0.631509	0.722857	0.653474	-0.0886478	0.076495	0	-0.758403	-0.868814	-0.666269	0.134203	-0.111236	0	
2.15385	0.559383	0.640261	0.589666	-0.0762284	0.0659908	0	-0.68412	-0.7831	-0.609891	0.114185	-0.0988475	0	
2.25641	0.494147	0.565606	0.531289	-0.0650539	0.0565149	0	-0.620592	-0.709988	-0.557636	0.109305	-0.0906706	0	
2.35897	0.43479	0.497709	0.47792	-0.0553696	0.0482379	0	-0.566555	-0.647962	-0.509744	0.0843802	-0.0748706	0	
2.46154	0.380435	0.435547	0.429129	-0.0473716	0.0413907	0	-0.520545	-0.595278	-0.466089	0.0755791	-0.0620721	0	
2.5641	0.330357	0.378278	0.384492	-0.0411269	0.0360041	0	-0.480997	-0.550095	-0.426638	0.0493154	-0.0456595	0	
2.66667	0.283993	0.325248	0.343599	-0.0367326	0.0322106	0	-0.44629	-0.510506	-0.391215	0.0385705	-0.0302096	0	
2.76923	0.24094	0.275993	0.306056	-0.0341761	0.0299793	0	-0.414775	-0.474591	-0.359651	0.0125592	-0.0144169	0	
2.87179	0.20096	0.230241	0.271482	-0.0334924	0.0293756	0	-0.384809	-0.440445	-0.331827	0.00111436	0.00234219	0	
2.97436	0.16398	0.187907	0.239498	-0.0345663	0.0302844	0	-0.354805	-0.406233	-0.307851	-0.0225922	0.0158345	0	
3.07692	0.130076	0.149084	0.20975	-0.0372823	0.0326261	0	-0.323264	-0.370231	-0.287108	-0.0317279	0.0309993	0	
3.17949	0.0994617	0.114017	0.181771	-0.0412755	0.0360775	0	-0.289022	-0.331103	-0.272473	-0.0481344	0.0380294	0	
3.28205	0.0724631	0.083084	0.155298	-0.0460746	0.0402292	0	-0.250948	-0.287553	-0.256978	-0.0478484	0.045004	0	
3.38462	0.0494475	0.0567082	0.129634	-0.0508105	0.0443395	0	-0.209365	-0.239962	-0.256314	-0.0468693	0.0372012	0	
3.48718	0.0308084	0.0353427	0.104932	-0.0543657	0.0474044	0	-0.163416	-0.187346	-0.237717	-0.0242354	0.0240968	0	
3.58974	0.0167772	0.0192544	0.0804368	-0.0550463	0.0479994	0	-0.117206	-0.134419	-0.252188	0.0106246	-0.0121958	0	
3.69231	0.00741932	0.00852001	0.0573121	-0.0507354	0.0442053	0	-0.0699496	-0.080267	-0.210306	0.0755923	-0.0636878	0	
3.79487	0.0023351	0.00268403	0.0362357	-0.0386172	0.0336627	0	-0.0317336	-0.0364512	-0.211221	0.166771	-0.147163	0	
3.89744	0.000374239	0.000430769	0.0178373	-0.0151394	0.0131523	0	-0.00748242	-0.00861266	-0.156745	0.302785	-0.263044	0	
4	5.84245e-08	6.69772e-08	0.01	-8.57005e-08	7.47365e-08	0	-2.88945e-08	-3.31259e-08	-1.53891e-09	3.43556e-09	-3.00132e-09	0	
