0	2.07322	2.57446	3.94892	-7.27169e-15	3.79734e-15	0	3.3424e-15	7.85587e-15	-4.06089e-15	-1.58584e-15	-1.92002e-15	0	
0.102564	2.0754	2.57644	3.91718	-0.227698	0.24853	0	0.0435227	0.0395835	-0.634819	-4.55395	4.9706	0	
0.205128	2.08407	2.58377	3.81144	-0.694259	0.786803	0	0.129875	0.107035	-1.48001	-4.77727	5.79488	0	
0.307692	2.10477	2.59776	3.6168	-1.17978	1.38307	0	0.284182	0.172697	-2.41275	-4.93306	6.13044	0	
0.410256	2.14185	2.61394	3.32632	-1.67917	2.01116	0	0.457292	0.150932	-3.39685	-5.05484	6.43144	0	
0.512821	2.19395	2.62346	2.93967	-2.17883	2.63247	0	0.584852	0.0394131	-4.3361	-4.93843	5.9947	0	
0.615385	2.26237	2.60086	2.48624	-2.62969	3.15792	0	0.783417	-0.491377	-4.73266	-4.07877	4.51431	0	
0.717949	2.31908	2.51005	2.07767	-2.95108	3.47855	0	0.350934	-1.32491	-3.43872	-2.34895	1.89826	0	
0.820513	2.3095	2.36359	1.79879	-3.0883	3.54639	0	-0.542646	-1.60433	-2.13889	-0.395483	-0.541488	0	
0.923077	2.21568	2.19358	1.65221	-3.0308	3.39	0	-1.33365	-1.7957	-0.792564	1.54547	-2.5862	0	
1.02564	2.07281	1.98599	1.64358	-2.79227	3.04751	0	-1.52372	-2.35625	0.619849	3.22518	-4.26361	0	
1.12821	1.9338	1.73047	1.69039	-2.42899	2.58018	0	-1.25655	-2.75412	0.316416	4.04039	-5.08314	0	
1.23077	1.8145	1.45032	1.67662	-2.02207	2.07042	0	-1.12941	-2.84893	-0.591802	4.09806	-5.11192	0	
1.33333	1.71002	1.16335	1.56892	-1.61806	1.56641	0	-0.96023	-2.89037	-1.56225	3.98203	-4.96825	0	
1.4359	1.62246	0.876426	1.36396	-1.22917	1.08079	0	-0.791033	-2.84814	-2.53699	3.79591	-4.74432	0	
1.53846	1.54992	0.596587	1.06409	-0.862224	0.621981	0	-0.659775	-2.74864	-3.46035	3.54292	-4.43181	0	
1.64103	1.49953	0.344198	0.695682	-0.538049	0.21868	0	-0.347948	-2.29913	-3.90782	2.94059	-3.6342	0	
1.74359	1.47333	0.163611	0.367072	-0.296823	-0.0777246	0	-0.176164	-1.3126	-2.66439	1.88393	-2.2939	0	
1.84615	1.43667	0.0605816	0.170063	-0.170991	-0.232368	0	-0.556903	-0.747995	-1.27578	0.632704	-0.798964	0	
1.94872	1.3522	0.00613163	0.111562	-0.170194	-0.239006	0	-1.13263	-0.341005	0.10577	-0.616766	0.666209	0	
2.05128	1.21854	0	0.191406	-0.294065	-0.0933821	0	-1.5405	0.218372	1.4911	-1.86065	2.24626	0	
2.15385	1.07082	0.0682441	0.397486	-0.531116	0.202581	0	-1.41399	1.14651	2.63051	-2.88038	3.67301	0	
2.25641	0.942006	0.201481	0.634045	-0.847233	0.61087	0	-1.16219	1.51824	2.10067	-3.44195	4.49276	0	
2.35897	0.832305	0.358263	0.798072	-1.20291	1.07639	0	-1.03183	1.61739	1.17988	-3.67155	4.81757	0	
2.46154	0.737581	0.522107	0.867392	-1.57939	1.56977	0	-0.862655	1.65949	0.206522	-3.85807	5.05015	0	
2.5641	0.659759	0.6859	0.839441	-1.97073	2.08195	0	-0.693799	1.61638	-0.765547	-3.9687	5.19338	0	
2.66667	0.596655	0.842523	0.717242	-2.36407	2.59559	0	-0.568277	1.51609	-1.67844	-3.89806	5.07948	0	
2.76923	0.552732	0.971968	0.532442	-2.71032	3.04854	0	-0.310178	1.0728	-2.01756	-3.02697	3.97944	0	
2.87179	0.515886	1.03981	0.398173	-2.92022	3.32932	0	-0.426742	0.28402	-0.667807	-1.17101	1.63622	0	
2.97436	0.44923	1.04189	0.400363	-2.92405	3.34543	0	-0.906369	-0.242476	0.7116	1.09441	-1.31405	0	
3.07692	0.349641	0.979135	0.538924	-2.72049	3.08349	0	-1.08543	-1.01255	2.05962	2.97681	-3.92478	0	
3.17949	0.252594	0.856223	0.728022	-2.37812	2.62349	0	-0.855497	-1.44569	1.72234	3.8706	-5.27526	0	
3.28205	0.173226	0.706613	0.85474	-1.98651	2.08491	0	-0.73186	-1.54652	0.812035	3.9615	-5.49619	0	
3.38462	0.10851	0.549915	0.887353	-1.59654	1.54215	0	-0.562475	-1.58744	-0.159782	3.83785	-5.35902	0	
3.48718	0.0606243	0.393628	0.822725	-1.22193	1.02052	0	-0.395234	-1.53828	-1.13277	3.65433	-5.07373	0	
3.58974	0.0272309	0.245169	0.663517	-0.867243	0.537518	0	-0.272633	-1.43091	-2.0514	3.43947	-4.5862	0	
3.69231	0.00679964	0.114364	0.423771	-0.542348	0.154104	0	-0.135993	-1.1852	-2.74351	3.05844	-3.08208	0	
3.79487	0	0.0306803	0.18126	-0.270969	-1.03287e-09	0	4.07383e-10	-0.488467	-2.1067	2.36913	3.75877e-08	0	
3.89744	0	0.00312849	0.0429626	-0.0762561	4.22744e-10	0	-3.44589e-10	-0.06257	-0.659253	1.52512	-8.47274e-09	0	
4	0	0	0.01	-5.07227e-15	-7.07552e-13	0	1.37247e-12	-1.57231e-15	-1.01266e-14	1.68691e-16	1.0359e-14	0	
