0	6.28318	16.6587	1.62932	-2.50432	
0.102564	7.65207	17.8253	-0.0946234	0.0219627	
0.205128	11.3097	18.5757	-0.0927937	0.266644	
0.307692	8.63159	17.8959	-0.051678	-0.0481316	
0.410256	9.72682	18.2957	-0.0679512	0.23547	
0.512821	8.42777	18.0256	0.0139534	-0.156009	
0.615385	9.14639	18.1891	-0.0367891	0.193276	
0.717949	8.99203	18.1646	0.0408167	-0.197332	
0.820513	9.06165	18.1856	-0.0242447	0.166771	
0.923077	9.09801	18.2051	0.0497454	-0.19749	
1.02564	9.15649	18.2349	-0.0232167	0.148562	
1.12821	9.12467	18.2482	0.0505689	-0.181147	
1.23077	9.10511	18.2589	-0.0272095	0.133272	
1.33333	9.10678	18.2427	0.0486193	-0.151236	
1.4359	9.11463	18.2189	-0.0339013	0.111776	
1.53846	9.09597	18.245	0.0470669	-0.113512	
1.64103	9.09191	18.2527	-0.0396189	0.082997	
1.74359	9.08041	18.2386	0.0455187	-0.073347	
1.84615	9.0926	18.2322	-0.0437134	0.0527253	
1.94872	9.08994	18.2214	0.0451723	-0.0388628	
2.05128	9.08576	18.2227	-0.0469992	0.0264061	
2.15385	9.0864	18.2382	0.0460632	-0.0116916	
2.25641	9.07059	18.2503	-0.0496513	0.00596406	
2.35897	9.08532	18.2705	0.0476389	0.00675504	
2.46154	9.07377	18.2394	-0.0519287	-0.00560819	
2.5641	9.09303	18.2063	0.049511	0.00967818	
2.66667	9.06121	18.2596	-0.0540909	-4.96628e-05	
2.76923	9.07924	18.2758	0.0514914	-0.000850788	
2.87179	9.07029	18.2486	-0.0560534	0.01255	
2.97436	9.0893	18.2291	0.0540097	-0.00980254	
3.07692	9.06787	18.2125	-0.0581661	0.0123107	
3.17949	9.09032	18.2199	0.0574509	-0.00429053	
3.28205	9.05164	18.2213	-0.0592375	0.000625804	
3.38462	9.11701	18.2563	0.0612116	9.52572e-05	
3.48718	8.9959	18.28	-0.0590233	-0.00509627	
3.58974	9.15801	18.3272	0.0666175	-0.00884508	
3.69231	8.94536	18.2256	-0.0555255	-0.00511332	
3.79487	9.25714	18.1293	0.0725594	-0.0220958	
3.89744	8.91253	18.2607	-0.0499958	-0.0122336	
4	9.31894	18.0862	-0.00250635	0.0930868	
