0	6.28318	16	4.13955	-8.48661	
0.102564	6.28318	16	0.140147	6.20161	
0.205128	11.0834	20	-0.573802	-5.99077	
0.307692	10.3962	19.2478	0.357097	6.0824	
0.410256	8.63325	16.9159	-0.581039	-5.97389	
0.512821	8.96159	17.1924	0.475798	6.01481	
0.615385	8.57285	17.1022	-0.498378	-5.98759	
0.717949	9.35224	17.2726	0.511525	5.96914	
0.820513	9.02201	17.539	-0.476107	-5.97529	
0.923077	9.33648	18.2124	0.522231	5.94467	
1.02564	9.14264	17.9676	-0.471394	-5.96068	
1.12821	9.56284	17.2077	0.517826	5.93082	
1.23077	9.37011	17.0827	-0.476875	-5.94422	
1.33333	9.46172	17.2944	0.510132	5.92004	
1.4359	9.32265	17.2716	-0.483264	-5.9253	
1.53846	9.38563	17.1891	0.502031	5.9068	
1.64103	9.38925	17.0923	-0.488676	-5.90391	
1.74359	9.34953	17.1164	0.495636	5.88963	
1.84615	9.38214	17.1633	-0.49155	-5.88051	
1.94872	9.29981	17.2489	0.49127	5.86823	
2.05128	9.34751	17.2859	-0.492755	-5.85401	
2.15385	9.29385	17.1936	0.488649	5.84145	
2.25641	9.32705	17.4651	-0.492757	-5.82452	
2.35897	9.07329	18.0538	0.486683	5.81237	
2.46154	9.29462	17.5889	-0.491892	-5.79516	
2.5641	9.25601	17.2574	0.48516	5.7847	
2.66667	9.36039	17.2773	-0.490441	-5.76924	
2.76923	9.2268	17.3851	0.483587	5.76075	
2.87179	9.31948	17.4402	-0.488783	-5.74707	
2.97436	9.23065	17.2964	0.482381	5.74016	
3.07692	9.34603	17.355	-0.486418	-5.7292	
3.17949	9.21771	17.3528	0.482105	5.72377	
3.28205	9.34043	17.3293	-0.482743	-5.71725	
3.38462	9.20688	17.3718	0.483677	5.71198	
3.48718	9.3233	17.4154	-0.476795	-5.71183	
3.58974	9.22462	17.2875	0.488326	5.70333	
3.69231	9.38149	17.2782	-0.468166	-5.71147	
3.79487	9.2521	17.2814	0.496772	5.69561	
3.89744	9.37346	17.2597	-0.456496	-5.71509	
4	9.32838	17.2712	0.365153	5.76099	
