0	2.32749	1.1127	2.85742	0	0	0	0	0	0	0	0	0	
0.102564	2.32721	1.11256	2.81709	0.0305713	-0.062989	0	-0.00549492	-0.00266594	-0.806606	0.611427	-1.25978	0	
0.205128	2.32562	1.11179	2.69603	0.0861255	-0.177225	0	-0.0264034	-0.0127687	-1.61466	0.499656	-1.02495	0	
0.307692	2.3191	1.10866	2.50289	0.126176	-0.259376	0	-0.103951	-0.0498063	-2.24805	0.301352	-0.618052	0	
0.410256	2.28719	1.09351	2.30458	0.141598	-0.290806	0	-0.534264	-0.253321	-1.7181	0.00709396	-0.010556	0	
0.512821	2.21674	1.06013	2.14234	0.131373	-0.269459	0	-0.87469	-0.41432	-1.52683	-0.211589	0.437486	0	
0.615385	2.11834	1.01348	1.98433	0.106014	-0.217015	0	-1.09324	-0.518611	-1.6333	-0.2956	0.611408	0	
0.717949	1.99978	0.957156	1.82098	0.0754738	-0.153961	0	-1.27801	-0.60784	-1.6337	-0.315201	0.64966	0	
0.820513	1.86607	0.893483	1.65653	0.0448326	-0.0907735	0	-1.3962	-0.665618	-1.65534	-0.297622	0.614098	0	
0.923077	1.72295	0.825183	1.49808	0.0170876	-0.0335737	0	-1.46613	-0.70039	-1.51358	-0.257279	0.529897	0	
1.02564	1.57581	0.754848	1.35118	-0.00601108	0.0139655	0	-1.47663	-0.706317	-1.42446	-0.204695	0.420887	0	
1.12821	1.43003	0.685085	1.2181	-0.0237356	0.0504133	0	-1.439	-0.68894	-1.23722	-0.149796	0.308068	0	
1.23077	1.28955	0.617809	1.09935	-0.0361516	0.0758663	0	-1.37066	-0.656574	-1.13766	-0.0985234	0.200994	0	
1.33333	1.15727	0.55443	0.993479	-0.0438224	0.0915373	0	-1.27504	-0.611012	-0.97985	-0.0548926	0.112425	0	
1.4359	1.03481	0.495738	0.899146	-0.0475663	0.0991276	0	-1.17414	-0.562815	-0.906809	-0.0199858	0.0393815	0	
1.53846	0.922862	0.442073	0.813981	-0.048261	0.100429	0	-1.06476	-0.510487	-0.796505	0.0060911	-0.0133569	0	
1.64103	0.821565	0.393506	0.737474	-0.0467395	0.0971883	0	-0.961166	-0.460865	-0.733623	0.0243395	-0.0514541	0	
1.74359	0.73041	0.349798	0.667617	-0.0437189	0.09086	0	-0.861944	-0.413292	-0.663525	0.0360728	-0.0751107	0	
1.84615	0.64874	0.31064	0.604178	-0.0398056	0.082707	0	-0.771446	-0.369864	-0.605251	0.0421937	-0.0879494	0	
1.94872	0.57564	0.275596	0.546189	-0.0354606	0.0736726	0	-0.690553	-0.331019	-0.554525	0.0447059	-0.0927382	0	
2.05128	0.510162	0.244213	0.493355	-0.0310417	0.0644979	0	-0.619009	-0.296645	-0.502153	0.0436729	-0.0907571	0	
2.15385	0.45134	0.216028	0.445237	-0.0268021	0.0557012	0	-0.557431	-0.267052	-0.460216	0.0411192	-0.085176	0	
2.25641	0.398247	0.190596	0.401378	-0.0229242	0.0476561	0	-0.504436	-0.241581	-0.416967	0.036438	-0.0757271	0	
2.35897	0.35004	0.167513	0.361285	-0.0195173	0.0405981	0	-0.459692	-0.220079	-0.384882	0.0317005	-0.0654332	0	
2.46154	0.305985	0.146425	0.324549	-0.016664	0.0346977	0	-0.421416	-0.201696	-0.349847	0.0253657	-0.0525737	0	
2.5641	0.265477	0.127039	0.290967	-0.0144123	0.030049	0	-0.388735	-0.186016	-0.321798	0.0196675	-0.0403995	0	
2.66667	0.228036	0.109124	0.260193	-0.0127935	0.0267114	0	-0.360085	-0.172288	-0.293679	0.0127073	-0.026353	0	
2.76923	0.193318	0.0925126	0.231943	-0.0118288	0.0247202	0	-0.334275	-0.159935	-0.271312	0.0065869	-0.0134719	0	
2.87179	0.161114	0.0771042	0.205908	-0.0115081	0.0240669	0	-0.309804	-0.148232	-0.249386	-0.000172257	0.000406186	0	
2.97436	0.131354	0.0628643	0.181925	-0.0118208	0.0247139	0	-0.285405	-0.136566	-0.230292	-0.00608243	0.0125339	0	
3.07692	0.10409	0.0498183	0.159652	-0.0126953	0.0265315	0	-0.259874	-0.124355	-0.21516	-0.0114064	0.0238175	0	
3.17949	0.0794896	0.0380463	0.138762	-0.0140162	0.0292955	0	-0.232131	-0.111085	-0.202645	-0.0150116	0.0314624	0	
3.28205	0.0578101	0.0276714	0.11896	-0.015613	0.0326269	0	-0.201459	-0.0964135	-0.19339	-0.0169245	0.0351665	0	
3.38462	0.0393628	0.0188427	0.100097	-0.0172044	0.0359311	0	-0.167487	-0.080159	-0.183876	-0.014903	0.0309176	0	
3.48718	0.0244488	0.0117047	0.0820017	-0.0183752	0.0383873	0	-0.130794	-0.0626013	-0.178023	-0.00851293	0.0182069	0	
3.58974	0.013275	0.0063564	0.0644888	-0.0185815	0.038806	0	-0.0926817	-0.0443651	-0.172236	0.00438645	-0.00983398	0	
3.69231	0.00584946	0.00280168	0.0476513	-0.0170885	0.0356937	0	-0.055829	-0.0267294	-0.164513	0.025474	-0.0524113	0	
3.79487	0.00182578	0.000874922	0.031779	-0.0129796	0.0271136	0	-0.0246446	-0.0118058	-0.152934	0.0567035	-0.119191	0	
3.89744	0.000296775	0.000142316	0.0170661	-0.0050722	0.010577	0	-0.0059355	-0.00284633	-0.141322	0.101444	-0.211541	0	
4	0	0	0.01	0	0	0	0	0	0	0	0	0	
