0	6.28318	16	0.820471	-22.1504	
0.102564	6.28318	16	0.261975	6.12184	
0.205128	6.28318	16	-0.483768	-2.79152	
0.307692	11.3097	20	0.377675	4.20198	
0.410256	9.79259	19.5133	-0.432298	-3.54264	
0.512821	8.39853	16.4104	0.372543	4.32852	
0.615385	8.56172	16.4985	-0.3929	-4.04674	
0.717949	9.17103	16.8837	0.392764	4.03883	
0.820513	9.43034	16.258	-0.38527	-4.15544	
0.923077	9.99224	16.4199	0.396609	3.98556	
1.02564	9.7682	16.164	-0.383522	-4.18148	
1.12821	9.88841	17.3023	0.396938	3.9895	
1.23077	9.57715	16.6665	-0.384514	-4.16443	
1.33333	9.34049	19.0695	0.395662	4.01679	
1.4359	8.82389	19.9778	-0.386144	-4.13201	
1.53846	8.96263	19.9994	0.393584	4.04584	
1.64103	8.91286	19.7723	-0.388635	-4.10414	
1.74359	9.2567	18.0324	0.391585	4.0694	
1.84615	9.59912	16.4699	-0.390236	-4.08775	
1.94872	9.59852	16.7179	0.390556	4.08559	
2.05128	9.60803	16.3231	-0.390928	-4.0807	
2.15385	9.40432	17.2243	0.390059	4.09532	
2.25641	9.33504	17.5697	-0.391338	-4.0785	
2.35897	9.35915	17.2076	0.389875	4.10014	
2.46154	9.44629	17.0515	-0.391516	-4.07837	
2.5641	9.45282	16.7415	0.389882	4.10347	
2.66667	9.35563	17.4337	-0.391683	-4.08033	
2.76923	9.22706	17.5396	0.389936	4.10669	
2.87179	9.34027	17.4961	-0.391777	-4.08334	
2.97436	9.42463	16.6523	0.390206	4.10761	
3.07692	9.6431	16.2565	-0.391632	-4.08821	
3.17949	9.50955	16.2103	0.390672	4.10366	
3.28205	9.5717	16.5624	-0.391106	-4.09774	
3.38462	9.49087	16.1482	0.391625	4.0905	
3.48718	9.24853	17.8972	-0.389876	-4.11615	
3.58974	8.8601	18.8345	0.393748	4.06454	
3.69231	9.36767	17.5107	-0.387524	-4.1487	
3.79487	9.55975	16.0408	0.395994	4.02513	
3.89744	9.6924	16.2177	-0.3843	-4.20285	
4	10.0742	16.0573	0.360695	4.56142	
