0	0.425162	4.45806	0.948449	5.93166e-07	-5.45748e-08	0	-3.40244e-08	-3.49194e-07	-8.78077e-08	2.83139e-08	-2.59794e-09	0	
0.102564	0.425096	4.45734	0.908094	0.164871	-0.0150546	0	-0.00131358	-0.0143691	-0.807097	3.2974	-0.30109	0	
0.205128	0.423529	4.44038	0.829576	0.423141	-0.0385628	0	-0.0300273	-0.324675	-0.763243	1.86799	-0.169074	0	
0.307692	0.415685	4.35677	0.803972	0.524318	-0.0477563	0	-0.126866	-1.34765	0.251155	0.15556	-0.0147948	0	
0.410256	0.399534	4.18566	0.845485	0.489352	-0.0447268	0	-0.196147	-2.0744	0.57911	-0.854876	0.0753846	0	
0.512821	0.37889	3.96736	0.877438	0.390003	-0.0359116	0	-0.216736	-2.29164	0.0599516	-1.1321	0.100919	0	
0.615385	0.356371	3.72923	0.860312	0.275729	-0.0256589	0	-0.233634	-2.47093	-0.402456	-1.15337	0.104136	0	
0.717949	0.332316	3.47482	0.803829	0.16333	-0.0154517	0	-0.247457	-2.61736	-0.727203	-1.09461	0.100007	0	
0.820513	0.307098	3.20816	0.725865	0.060462	-0.00600029	0	-0.256914	-2.71581	-0.832077	-0.96275	0.0890205	0	
0.923077	0.281306	2.93571	0.64494	-0.0267118	0.00209467	0	-0.258919	-2.73313	-0.786419	-0.780723	0.0728784	0	
1.02564	0.255702	2.66571	0.571734	-0.0946277	0.00846554	0	-0.253154	-2.66694	-0.677708	-0.577592	0.054539	0	
1.12821	0.230978	2.40552	0.509487	-0.142776	0.0130341	0	-0.241338	-2.53677	-0.56723	-0.385373	0.0368326	0	
1.23077	0.207637	2.16044	0.457734	-0.172894	0.0159416	0	-0.225487	-2.36481	-0.467827	-0.21699	0.0213158	0	
1.33333	0.18599	1.93365	0.415058	-0.187878	0.0174437	0	-0.207446	-2.17093	-0.3857	-0.0826818	0.00872613	0	
1.4359	0.166177	1.72651	0.379312	-0.191019	0.0178367	0	-0.188809	-1.97199	-0.329208	0.0198559	-0.000865487	0	
1.53846	0.148204	1.53894	0.347924	-0.185518	0.0174115	0	-0.170657	-1.77925	-0.298562	0.0901755	-0.0076386	0	
1.64103	0.131995	1.37008	0.31887	-0.174173	0.0164238	0	-0.153511	-1.59798	-0.282512	0.13672	-0.0121145	0	
1.74359	0.11744	1.21866	0.291362	-0.159249	0.0150831	0	-0.137601	-1.4304	-0.267634	0.161759	-0.0147004	0	
1.84615	0.104403	1.08322	0.265512	-0.142517	0.0135541	0	-0.123127	-1.27847	-0.24937	0.172877	-0.0158785	0	
1.94872	0.0927349	0.962116	0.241576	-0.125312	0.0119639	0	-0.110239	-1.14361	-0.229348	0.171224	-0.0159256	0	
2.05128	0.0822743	0.853632	0.219609	-0.10862	0.010407	0	-0.0989724	-1.02607	-0.209987	0.162613	-0.0152129	0	
2.15385	0.0728624	0.756075	0.199451	-0.093118	0.0089506	0	-0.0892652	-0.925078	-0.193185	0.147427	-0.013915	0	
2.25641	0.0643502	0.667866	0.180844	-0.0792614	0.00764025	0	-0.0809784	-0.839086	-0.178953	0.129705	-0.0122918	0	
2.35897	0.0566046	0.587604	0.163566	-0.0673246	0.0065054	0	-0.0739336	-0.766151	-0.166607	0.109031	-0.0104053	0	
2.46154	0.0495115	0.514092	0.147514	-0.0574823	0.00556463	0	-0.067928	-0.704092	-0.154425	0.0878144	-0.00840987	0	
2.5641	0.0429775	0.446353	0.132736	-0.0498282	0.00482956	0	-0.0627531	-0.650692	-0.141139	0.0652672	-0.0062917	0	
2.66667	0.0369294	0.383626	0.119253	-0.0444234	0.00430728	0	-0.0582087	-0.603832	-0.128514	0.0428281	-0.00415387	0	
2.76923	0.0313149	0.325372	0.107003	-0.041283	0.004001	0	-0.0540797	-0.561252	-0.116493	0.0199814	-0.0019716	0	
2.87179	0.0261032	0.271273	0.0958827	-0.040387	0.00390946	0	-0.0501545	-0.520738	-0.10591	-0.00206292	0.000140806	0	
2.97436	0.0212839	0.221226	0.0856442	-0.041636	0.00402407	0	-0.0462318	-0.480194	-0.0988596	-0.0229157	0.00215124	0	
3.07692	0.0168665	0.175337	0.0759642	-0.0448232	0.00432514	0	-0.0421155	-0.437581	-0.0947403	-0.0408296	0.00387023	0	
3.17949	0.0128791	0.133902	0.0666266	-0.0495617	0.00477589	0	-0.037634	-0.391122	-0.0920126	-0.0539403	0.00514477	0	
3.28205	0.00936448	0.0973721	0.0576237	-0.0552181	0.00531543	0	-0.0326573	-0.339472	-0.0880447	-0.0591863	0.00564597	0	
3.38462	0.00637398	0.0662835	0.0489865	-0.0608147	0.00584992	0	-0.0271527	-0.2823	-0.0846981	-0.0527467	0.0050439	0	
3.48718	0.00395451	0.0411273	0.0402864	-0.0649473	0.00624448	0	-0.0212365	-0.220822	-0.0893055	-0.0299039	0.00284716	0	
3.58974	0.00213717	0.022229	0.030997	-0.0656509	0.00631033	0	-0.0151103	-0.157142	-0.0964824	0.0158322	-0.00152998	0	
3.69231	0.00093328	0.00970827	0.0229333	-0.0603212	0.0057974	0	-0.00896731	-0.0932719	-0.06479	0.0907611	-0.00872871	0	
3.79487	0.000285615	0.00297135	0.0162247	-0.0456963	0.00439181	0	-0.00398585	-0.0414652	-0.069382	0.201736	-0.019383	0	
3.89744	4.31646e-05	0.00044908	0.0113778	-0.0178048	0.00171134	0	-0.000863034	-0.00897892	-0.0275559	0.356094	-0.0342265	0	
4	6.37708e-09	6.62872e-08	0.01	-8.16079e-08	7.84535e-09	0	-3.17693e-09	-3.3027e-08	-2.77287e-10	3.33119e-09	-3.20197e-10	0	
