0	1.57066	2.05992	4.96153	1.92497e-07	-1.44743e-07	0	-2.06599e-07	-2.70377e-07	-2.68683e-07	8.52837e-09	-6.39975e-09	0	
0.102564	1.57049	2.0597	4.9212	0.0513543	-0.0384576	0	-0.00335564	-0.0044799	-0.806589	1.02708	-0.769146	0	
0.205128	1.56952	2.05841	4.80015	0.142083	-0.106264	0	-0.0159718	-0.0212872	-1.61436	0.787498	-0.586987	0	
0.307692	1.56677	2.05476	4.59817	0.211867	-0.158206	0	-0.0389799	-0.0517406	-2.42508	0.608178	-0.45184	0	
0.410256	1.56134	2.04757	4.31497	0.260765	-0.194532	0	-0.0695973	-0.0919616	-3.23906	0.369779	-0.274692	0	
0.512821	1.54403	2.02484	3.99105	0.277687	-0.207165	0	-0.276739	-0.362582	-3.23929	-0.031345	0.0220356	0	
0.615385	1.50309	1.97125	3.68148	0.255982	-0.191176	0	-0.542109	-0.709244	-2.9521	-0.40274	0.297753	0	
0.717949	1.44071	1.88961	3.38269	0.206926	-0.154809	0	-0.705396	-0.923604	-3.02356	-0.578396	0.429585	0	
0.820513	1.36272	1.78741	3.0863	0.147196	-0.110329	0	-0.854455	-1.12049	-2.90424	-0.616185	0.460018	0	
0.923077	1.2723	1.66876	2.80278	0.0873835	-0.0655925	0	-0.953812	-1.25233	-2.76633	-0.580072	0.434701	0	
1.02564	1.17429	1.54003	2.53481	0.0335855	-0.0252127	0	-1.00636	-1.32224	-2.5929	-0.495887	0.372894	0	
1.12821	1.07314	1.40711	2.28719	-0.0106602	0.00808568	0	-1.01676	-1.33616	-2.35951	-0.389026	0.293072	0	
1.23077	0.972734	1.27518	2.06367	-0.0440155	0.0332422	0	-0.991336	-1.30254	-2.11088	-0.27808	0.210058	0	
1.33333	0.876124	1.14826	1.8637	-0.0668165	0.0504768	0	-0.940856	-1.23578	-1.88849	-0.177941	0.134633	0	
1.4359	0.785306	1.029	1.68432	-0.0804351	0.0608037	0	-0.875492	-1.14946	-1.69912	-0.094429	0.0719035	0	
1.53846	0.701396	0.918855	1.52268	-0.0866461	0.0655498	0	-0.802717	-1.05346	-1.53373	-0.0297924	0.0230185	0	
1.64103	0.624857	0.818427	1.37669	-0.0872414	0.0660568	0	-0.728058	-0.955086	-1.38607	0.0178874	-0.0128788	0	
1.74359	0.555673	0.727687	1.24464	-0.0838487	0.0635471	0	-0.655624	-0.859717	-1.25495	0.0499655	-0.0373147	0	
1.84615	0.493486	0.646156	1.12491	-0.0778608	0.059066	0	-0.588113	-0.770887	-1.13971	0.0697933	-0.0523062	0	
1.94872	0.437732	0.573088	1.01601	-0.0704	0.05346	0	-0.526971	-0.690487	-1.03813	0.0794218	-0.059814	0	
2.05128	0.387745	0.507601	0.916751	-0.0623332	0.047382	0	-0.472755	-0.619238	-0.947128	0.0819143	-0.0617457	0	
2.15385	0.342835	0.448783	0.826187	-0.0542971	0.0413157	0	-0.425457	-0.557121	-0.864152	0.0788079	-0.0595796	0	
2.25641	0.302325	0.395744	0.743574	-0.0467489	0.0356076	0	-0.384729	-0.50367	-0.7881	0.0721548	-0.0545828	0	
2.35897	0.26559	0.347655	0.66821	-0.040002	0.0304986	0	-0.349981	-0.458101	-0.719186	0.062784	-0.0475979	0	
2.46154	0.23207	0.303782	0.599372	-0.0342708	0.0261525	0	-0.32042	-0.419364	-0.65756	0.0518397	-0.0393239	0	
2.5641	0.201293	0.263503	0.53637	-0.0296947	0.0226788	0	-0.295106	-0.386217	-0.602493	0.0396826	-0.0301485	0	
2.66667	0.172887	0.226326	0.478598	-0.0263667	0.0201495	0	-0.273025	-0.357322	-0.552932	0.0268777	-0.020438	0	
2.76923	0.146579	0.191894	0.425568	-0.0243383	0.0186068	0	-0.253129	-0.331298	-0.50768	0.0136903	-0.0104167	0	
2.87179	0.122203	0.15999	0.376835	-0.0236247	0.018063	0	-0.234389	-0.306792	-0.466978	0.000580011	-0.000458386	0	
2.97436	0.0996922	0.130525	0.331851	-0.0241872	0.0184907	0	-0.215826	-0.282516	-0.432698	-0.0118287	0.00901196	0	
3.07692	0.0790746	0.103535	0.289905	-0.0259141	0.0198052	0	-0.196526	-0.257272	-0.406216	-0.0227102	0.0172782	0	
3.17949	0.0604662	0.079174	0.250357	-0.0285858	0.0218401	0	-0.175641	-0.229948	-0.38475	-0.0307234	0.0234192	0	
3.28205	0.0440621	0.0576972	0.213067	-0.0318339	0.0243144	0	-0.152441	-0.199587	-0.361044	-0.0342378	0.0260683	0	
3.38462	0.0301038	0.0394215	0.17819	-0.0350889	0.0267943	0	-0.126724	-0.165927	-0.336485	-0.0308626	0.0235289	0	
3.48718	0.0188025	0.0246236	0.1449	-0.0375351	0.0286574	0	-0.0993012	-0.130029	-0.329317	-0.0180607	0.0137334	0	
3.58974	0.0102792	0.0134624	0.111642	-0.0380302	0.0290323	0	-0.0711647	-0.0931932	-0.33584	0.00815772	-0.00623673	0	
3.69231	0.00460354	0.00602965	0.0805977	-0.0350751	0.0267751	0	-0.0423473	-0.0554618	-0.285051	0.0509444	-0.0389074	0	
3.79487	0.00148979	0.00195145	0.0504812	-0.0267961	0.020455	0	-0.0199271	-0.0261015	-0.317278	0.114635	-0.087494	0	
3.89744	0.000246733	0.000323204	0.0223087	-0.0105322	0.00804017	0	-0.00493348	-0.00646255	-0.246172	0.210643	-0.160802	0	
4	2.89733e-08	3.79438e-08	0.01	-4.97786e-08	3.80017e-08	0	-1.429e-08	-1.87153e-08	-2.22818e-09	1.97302e-09	-1.50614e-09	0	
