0	2.80367	-3.18657	2.89571	-4.73068e-07	-3.98015e-07	0	-3.49153e-07	3.94573e-07	-2.3984e-07	-2.20894e-08	-1.85198e-08	0	
0.102564	2.80328	-3.18611	2.85536	-0.10501	-0.0877769	0	-0.00765681	0.00914997	-0.806908	-2.10019	-1.75552	0	
0.205128	2.80109	-3.1835	2.73406	-0.289804	-0.241859	0	-0.0362879	0.0429109	-1.61911	-1.59568	-1.32611	0	
0.307692	2.77934	-3.15851	2.58064	-0.400827	-0.334031	0	-0.398541	0.456923	-1.44922	-0.624782	-0.51733	0	
0.410256	2.70869	-3.07827	2.46662	-0.415034	-0.345866	0	-1.0146	1.14794	-0.831276	0.340649	0.280622	0	
0.512821	2.59298	-2.9474	2.37392	-0.358331	-0.299064	0	-1.29949	1.46948	-1.02261	0.793404	0.655411	0	
0.615385	2.45571	-2.79203	2.24834	-0.273923	-0.229088	0	-1.44586	1.63778	-1.48909	0.894763	0.744111	0	
0.717949	2.30444	-2.62043	2.08389	-0.184849	-0.154764	0	-1.57963	1.7943	-1.79975	0.886703	0.742378	0	
0.820513	2.1413	-2.43486	1.89766	-0.0999052	-0.0834056	0	-1.68309	1.91699	-1.92482	0.812174	0.684779	0	
0.923077	1.97023	-2.23984	1.70932	-0.0250699	-0.0201663	0	-1.73833	1.98356	-1.842	0.684528	0.580004	0	
1.02564	1.79672	-2.04179	1.53466	0.0355104	0.0312765	0	-1.73182	1.97744	-1.65123	0.527075	0.44885	0	
1.12821	1.62651	-1.84745	1.37935	0.0803535	0.0695132	0	-1.67235	1.90917	-1.45506	0.369786	0.315882	0	
1.23077	1.46406	-1.66206	1.2425	0.110284	0.0951469	0	-1.57667	1.79881	-1.28176	0.228822	0.196791	0	
1.33333	1.31228	-1.48895	1.12205	0.127392	0.109899	0	-1.45902	1.66323	-1.1273	0.11333	0.0982519	0	
1.4359	1.17275	-1.32996	1.01599	0.134218	0.115898	0	-1.33157	1.51662	-0.993875	0.0232089	0.0217317	0	
1.53846	1.04596	-1.18561	0.921914	0.133337	0.115309	0	-1.20419	1.37031	-0.887686	-0.0408484	-0.0335133	0	
1.64103	0.931597	-1.05553	0.837157	0.127089	0.110109	0	-1.08304	1.23133	-0.807456	-0.0840969	-0.0704973	0	
1.74359	0.828894	-0.938817	0.759605	0.117433	0.101954	0	-0.971003	1.10295	-0.743589	-0.109034	-0.0926001	0	
1.84615	0.736884	-0.834348	0.68815	0.105903	0.092149	0	-0.869206	0.98643	-0.6855	-0.121551	-0.103495	0	
1.94872	0.654509	-0.740902	0.622459	0.0936551	0.0816824	0	-0.778291	0.882496	-0.628317	-0.123415	-0.105837	0	
2.05128	0.580667	-0.657204	0.56241	0.0815338	0.0712805	0	-0.698546	0.791458	-0.572666	-0.119011	-0.1022	0	
2.15385	0.514253	-0.58198	0.507712	0.0701302	0.0614595	0	-0.629729	0.71302	-0.521288	-0.109062	-0.0942203	0	
2.25641	0.454215	-0.514017	0.457848	0.0598447	0.0525703	0	-0.571027	0.64623	-0.475987	-0.0966476	-0.0835637	0	
2.35897	0.399603	-0.452223	0.412225	0.0509285	0.0448412	0	-0.521206	0.589649	-0.436465	-0.0816759	-0.0710168	0	
2.46154	0.349601	-0.39566	0.370332	0.0435409	0.0384173	0	-0.478837	0.54162	-0.401411	-0.0660764	-0.0574617	0	
2.5641	0.303538	-0.343559	0.331807	0.0377744	0.0333901	0	-0.442409	0.500398	-0.369086	-0.0492536	-0.0430819	0	
2.66667	0.260898	-0.295327	0.296431	0.0336892	0.0298181	0	-0.410405	0.464234	-0.338428	-0.0324491	-0.0283572	0	
2.76923	0.221311	-0.250545	0.264027	0.0313106	0.0277327	0	-0.381325	0.431405	-0.309646	-0.0151224	-0.0133519	0	
2.87179	0.184561	-0.208964	0.234359	0.0306329	0.0271326	0	-0.353682	0.400208	-0.28372	0.00156756	0.00135141	0	
2.97436	0.150574	-0.170503	0.207051	0.0315888	0.0279655	0	-0.32605	0.369016	-0.26243	0.0175502	0.0153048	0	
3.07692	0.119416	-0.135236	0.181569	0.034026	0.030099	0	-0.297104	0.336321	-0.247214	0.031195	0.0273653	0	
3.17949	0.0912795	-0.103382	0.157404	0.0376537	0.0332808	0	-0.265632	0.300748	-0.236075	0.0413587	0.0362714	0	
3.28205	0.0664658	-0.0752864	0.134414	0.041992	0.0370885	0	-0.23064	0.261169	-0.223738	0.0454063	0.0398832	0	
3.38462	0.0453414	-0.0513643	0.112677	0.0462975	0.0408692	0	-0.191847	0.217272	-0.210997	0.0407035	0.0357292	0	
3.48718	0.0282346	-0.0319891	0.091594	0.0495042	0.0436829	0	-0.150288	0.17023	-0.210661	0.0234297	0.0205454	0	
3.58974	0.0153487	-0.0173923	0.0701482	0.0501143	0.0442107	0	-0.107429	0.121705	-0.218255	-0.0112275	-0.00998982	0	
3.69231	0.00678178	-0.00768612	0.0504355	0.0461444	0.0407034	0	-0.063908	0.072418	-0.175997	-0.0681701	-0.0601565	0	
3.79487	0.00212924	-0.00241358	0.0322376	0.0351014	0.0309616	0	-0.0291416	0.0330313	-0.187962	-0.152689	-0.134678	0	
3.89744	0.000336113	-0.000381044	0.0164197	0.0137335	0.0121139	0	-0.00671987	0.00761817	-0.128393	-0.274667	-0.242275	0	
4	5.90693e-08	-6.69265e-08	0.01	8.5003e-08	7.49874e-08	0	-2.92647e-08	3.31631e-08	-1.53761e-09	-3.42311e-09	-3.01959e-09	0	
