0	0.425162	4.45806	0.948449	9.90976e-16	-9.19774e-16	0	-3.39184e-16	-3.98875e-16	-2.44212e-17	5.8972e-17	-4.8662e-17	0	
0.102564	0.425095	4.45734	0.908095	0.16346	-0.0154905	0	-0.00135156	-0.0142459	-0.807084	3.26921	-0.309809	0	
0.205128	0.423545	4.44109	0.82761	0.42119	-0.0394546	0	-0.0296319	-0.310824	-0.8026	1.88538	-0.169474	0	
0.307692	0.415731	4.35989	0.796252	0.524727	-0.0486754	0	-0.126665	-1.31325	0.175437	0.185349	-0.0149412	0	
0.410256	0.399176	4.18844	0.836875	0.490629	-0.0454619	0	-0.204422	-2.11578	0.63702	-0.867307	0.0792122	0	
0.512821	0.377722	3.96626	0.874022	0.389843	-0.0359084	0	-0.224667	-2.32771	0.10592	-1.14841	0.111857	0	
0.615385	0.354629	3.72671	0.855222	0.274114	-0.0243254	0	-0.237195	-2.46325	-0.481921	-1.16618	0.119804	0	
0.717949	0.330249	3.47283	0.792128	0.16133	-0.013432	0	-0.250402	-2.61434	-0.779965	-1.0895	0.098063	0	
0.820513	0.304815	3.20644	0.710013	0.0586751	-0.00397712	0	-0.258272	-2.71359	-0.86232	-0.963592	0.0910354	0	
0.923077	0.278985	2.93429	0.627852	-0.0289813	0.00385908	0	-0.258335	-2.72937	-0.780899	-0.789536	0.0656885	0	
1.02564	0.253524	2.66484	0.556006	-0.0969863	0.00958765	0	-0.250885	-2.65962	-0.656037	-0.570566	0.0488829	0	
1.12821	0.229078	2.40555	0.496435	-0.144019	0.0135682	0	-0.238036	-2.52622	-0.535386	-0.37008	0.0307282	0	
1.23077	0.206054	2.16117	0.445391	-0.173231	0.0163132	0	-0.222437	-2.36131	-0.485493	-0.214169	0.0241726	0	
1.33333	0.184732	1.93479	0.401131	-0.188414	0.0176772	0	-0.204004	-2.16628	-0.399689	-0.0894813	0.00310597	0	
1.4359	0.165283	1.72817	0.364177	-0.191346	0.0182064	0	-0.184978	-1.96615	-0.339402	0.0308348	0.00747827	0	
1.53846	0.14772	1.54114	0.331487	-0.185304	0.0183049	0	-0.16628	-1.77442	-0.31439	0.0900102	-0.00550865	0	
1.64103	0.132002	1.37288	0.301594	-0.173723	0.0170964	0	-0.148073	-1.59079	-0.283466	0.141607	-0.018661	0	
1.74359	0.117995	1.22194	0.272832	-0.157891	0.0153392	0	-0.132078	-1.42802	-0.291781	0.175025	-0.0164823	0	
1.84615	0.105512	1.08677	0.245337	-0.140923	0.0128977	0	-0.11759	-1.27528	-0.258122	0.164328	-0.0323483	0	
1.94872	0.0943589	0.965934	0.220701	-0.123863	0.0110332	0	-0.105463	-1.14151	-0.234591	0.17689	-0.00494022	0	
2.05128	0.0843037	0.857505	0.197775	-0.105906	0.0086481	0	-0.0956399	-1.02708	-0.223943	0.182239	-0.0427627	0	
2.15385	0.0751311	0.759695	0.176066	-0.0904403	0.00701582	0	-0.0878118	-0.929112	-0.210237	0.127078	0.0101171	0	
2.25641	0.0666909	0.670988	0.155598	-0.0786307	0.00668124	0	-0.0809929	-0.845042	-0.199112	0.109116	-0.0168086	0	
2.35897	0.0588924	0.590097	0.136409	-0.0663135	0.00537572	0	-0.0749761	-0.772774	-0.184672	0.137228	-0.00930185	0	
2.46154	0.0516974	0.515956	0.120298	-0.0555803	0.00637508	0	-0.0689242	-0.710035	-0.137549	0.0774355	0.0292891	0	
2.5641	0.0451351	0.447723	0.110209	-0.0494162	0.00613371	0	-0.0623208	-0.654634	-0.0642248	0.045846	-0.0341165	0	
2.66667	0.0391681	0.384445	0.101284	-0.0443969	0.00524131	0	-0.0570202	-0.610934	-0.114275	0.0545402	0.0162684	0	
2.76923	0.0337346	0.325388	0.0877397	-0.0423389	0.00618965	0	-0.0516502	-0.570201	-0.156619	-0.0133798	0.00269841	0	
2.87179	0.0288381	0.270678	0.0768085	-0.0435287	0.0037885	0	-0.0462789	-0.523992	-0.0620048	-0.0104154	-0.0507214	0	
2.97436	0.0243641	0.22038	0.0697862	-0.0435347	0.00258682	0	-0.0432012	-0.481977	-0.0784414	0.010294	0.0266879	0	
3.07692	0.0201716	0.174365	0.0620664	-0.0452032	0.00259876	0	-0.0406487	-0.438312	-0.0759535	-0.0436627	-0.0264491	0	
3.17949	0.0161784	0.132908	0.0545312	-0.0513854	0.000313882	0	-0.0392166	-0.39084	-0.0747508	-0.0799822	-0.0192485	0	
3.28205	0.0123472	0.0965047	0.04757	-0.0566958	0.00333077	0	-0.0374076	-0.337219	-0.0644738	-0.026226	0.0795862	0	
3.38462	0.00881589	0.0657613	0.0431737	-0.059745	0.00485488	0	-0.0332177	-0.277649	-0.0234515	-0.0347569	-0.0491041	0	
3.48718	0.00568716	0.0408004	0.0368886	-0.0644126	0.00368783	0	-0.029357	-0.221569	-0.102251	-0.0585944	0.0257632	0	
3.58974	0.00304426	0.0217606	0.0254025	-0.065857	0.00854002	0	-0.0235009	-0.159226	-0.127472	0.0297056	0.0712805	0	
3.69231	0.00121647	0.00927608	0.0182576	-0.059794	0.0105347	0	-0.0130549	-0.0904648	-0.0154257	0.0915534	-0.0313861	0	
3.79487	0.00032997	0.00284435	0.0173396	-0.0453844	0.00631036	0	-0.00467512	-0.0381697	-0.00293426	0.19664	-0.0531015	0	
3.89744	4.81019e-05	0.000467928	0.0135965	-0.0177762	0.00182764	0	-0.000962238	-0.00935877	-0.071929	0.355523	-0.0365528	0	
4	0	0	0.01	3.61352e-16	6.9655e-15	0	-2.37365e-16	-6.69674e-17	-1.09434e-15	-2.41694e-17	-3.54491e-16	0	
