0	4.83306	2.13025	3.26499	-2.43536e-14	-1.01596e-14	0	-1.64257e-13	-7.56837e-14	3.14453e-13	-1.13717e-14	5.2666e-16	0	
0.102564	4.83244	2.12988	3.22464	0.0859259	-0.140949	0	-0.0122877	-0.00747617	-0.807093	1.71852	-2.81899	0	
0.205128	4.82891	2.12776	3.10318	0.241076	-0.392745	0	-0.0583022	-0.034875	-1.62201	1.38447	-2.21692	0	
0.307692	4.79789	2.1101	2.9389	0.344988	-0.55622	0	-0.56223	-0.318281	-1.6637	0.693768	-1.0526	0	
0.410256	4.68492	2.04758	2.80499	0.375334	-0.598654	0	-1.69715	-0.932197	-1.01449	-0.0868438	0.203931	0	
0.512821	4.48402	1.93731	2.69973	0.345429	-0.547032	0	-2.32079	-1.27316	-1.09069	-0.51125	0.828495	0	
0.615385	4.24452	1.80579	2.55443	0.289281	-0.458833	0	-2.46925	-1.35737	-1.8153	-0.611712	0.93549	0	
0.717949	3.98588	1.66324	2.34969	0.225976	-0.367034	0	-2.70342	-1.49355	-2.27946	-0.654379	0.9005	0	
0.820513	3.7017	1.50602	2.11316	0.158025	-0.281014	0	-2.98031	-1.65087	-2.4512	-0.704654	0.81989	0	
0.923077	3.39008	1.33432	1.87358	0.0831515	-0.203493	0	-3.25209	-1.78318	-2.34033	-0.792811	0.730533	0	
1.02564	3.05453	1.15357	1.65157	-0.00366105	-0.131721	0	-3.45892	-1.83175	-2.09983	-0.94344	0.704902	0	
1.12821	2.7014	0.974918	1.47054	-0.112179	-0.0529081	0	-3.60358	-1.7413	-1.52093	-1.22692	0.871362	0	
1.23077	2.34147	0.821244	1.37828	-0.259217	0.0606636	0	-3.59498	-1.33218	-0.324148	-1.71385	1.40007	0	
1.33333	2.00126	0.732074	1.41333	-0.463652	0.246557	0	-3.20926	-0.451211	1.02519	-2.37485	2.31779	0	
1.4359	1.71384	0.733306	1.53486	-0.732211	0.526283	0	-2.5392	0.475844	1.4053	-2.99634	3.27673	0	
1.53846	1.47952	0.798806	1.64079	-1.052	0.884846	0	-2.14709	0.834147	0.713269	-3.39949	3.89453	0	
1.64103	1.27254	0.886039	1.66443	-1.40354	1.28995	0	-1.99258	0.910528	-0.240452	-3.63121	4.20757	0	
1.74359	1.08199	0.977662	1.59132	-1.77471	1.72102	0	-1.81845	0.921915	-1.22166	-3.79225	4.41373	0	
1.84615	0.908263	1.06691	1.42134	-2.16041	2.1701	0	-1.65606	0.863001	-2.17798	-3.92183	4.56795	0	
1.94872	0.748591	1.14867	1.159	-2.54344	2.61716	0	-1.53738	0.772161	-3.06891	-3.7387	4.37324	0	
2.05128	0.616936	1.19897	0.860757	-2.86703	2.99831	0	-1.09573	0.234	-2.8959	-2.73304	3.2497	0	
2.15385	0.511302	1.19947	0.646006	-3.05057	3.22236	0	-1.01694	-0.224037	-1.39912	-0.937765	1.23145	0	
2.25641	0.399094	1.16519	0.582091	-3.04317	3.22784	0	-1.22723	-0.461642	0.120822	1.08567	-1.12185	0	
2.35897	0.279355	1.09438	0.668704	-2.84636	3.008	0	-1.16755	-0.954509	1.61144	2.85069	-3.27507	0	
2.46154	0.184361	0.970497	0.837887	-2.51268	2.61754	0	-0.732328	-1.52315	1.77221	3.82291	-4.53399	0	
2.5641	0.11712	0.813527	0.970365	-2.12214	2.15138	0	-0.612474	-1.61625	0.877347	3.98789	-4.78935	0	
2.66667	0.064085	0.649139	1.01008	-1.73002	1.67954	0	-0.448235	-1.67152	-0.0831433	3.85442	-4.64747	0	
2.76923	0.0279254	0.483017	0.952741	-1.3529	1.22522	0	-0.274956	-1.65092	-1.06354	3.68799	-4.43893	0	
2.87179	0.00781607	0.322207	0.799136	-0.993114	0.793782	0	-0.12723	-1.56528	-2.00856	3.50773	-4.18976	0	
2.97436	0	0.170978	0.554126	-0.656997	0.400771	0	-0.0290918	-1.45929	-2.89165	3.21462	-3.67045	0	
3.07692	0.013496	0.0570054	0.272796	-0.36668	0.0918803	0	0.299012	-0.820156	-2.73495	2.59171	-2.50737	0	
3.17949	0.0438349	0.00740723	0.0719464	-0.153993	-0.0849295	0	0.307766	-0.171806	-1.28204	1.66203	-1.02882	0	
3.28205	0.0629474	0	3.52788e-08	-0.0310932	-0.134757	0	0.0744861	0.0236615	-0.156891	0.795975	0.0322639	0	
3.38462	0.0622764	0.00272059	0.00185183	0.0204477	-0.107907	0	-0.0879066	0.0307505	0.193927	0.234843	0.504738	0	
3.48718	0.0498129	0.00463367	0.0183394	0.0299035	-0.0508943	0	-0.161363	0.0075111	0.135824	-0.0457288	0.635522	0	
3.58974	0.0328555	0.00440027	0.0232148	0.018894	0.0102041	0	-0.177786	-0.0121792	-0.0383154	-0.174461	0.586445	0	
3.69231	0.016474	0.00277309	0.0113997	0.00103643	0.057808	0	-0.149844	-0.0203642	-0.197985	-0.18269	0.365633	0	
3.79487	0.00523369	0.00104339	0	-0.0117141	0.0723498	0	-0.0749628	-0.01423	-0.0300098	-0.0723212	-0.0747957	0	
3.89744	0.000742768	0.000165939	0.00424975	-0.00766509	0.034305	0	-0.0148556	-0.00331898	0.115005	0.153302	-0.6861	0	
4	0	0	0.01	1.80389e-13	-1.148e-13	0	3.63166e-14	8.22134e-14	-3.88737e-13	-1.63022e-14	9.71642e-15	0	
