0	2.72136	0.46815	2.1613	2.95007e-13	-3.43578e-13	0	6.17351e-13	-1.28932e-13	-2.66141e-12	1.64105e-14	-3.67437e-14	0	
0.102564	2.72101	0.468087	2.12097	0.0142938	-0.0816902	0	-0.00712556	-0.0012461	-0.806648	0.285876	-1.6338	0	
0.205128	2.71896	0.467731	1.99987	0.039521	-0.225728	0	-0.0338426	-0.00588557	-1.61527	0.218667	-1.24696	0	
0.307692	2.70161	0.464756	1.83961	0.0552544	-0.315036	0	-0.313092	-0.0536111	-1.58989	0.0960015	-0.539185	0	
0.410256	2.64417	0.454969	1.7094	0.0583585	-0.331847	0	-0.835728	-0.142132	-1.01429	-0.0339196	0.202955	0	
0.512821	2.54388	0.437908	1.61074	0.0514482	-0.29137	0	-1.17002	-0.199084	-0.959015	-0.104286	0.606583	0	
0.615385	2.41669	0.416237	1.5044	0.0398089	-0.224494	0	-1.37395	-0.234343	-1.16781	-0.128501	0.730951	0	
0.717949	2.27117	0.391377	1.38128	0.0269037	-0.151073	0	-1.53638	-0.26285	-1.29449	-0.129601	0.737464	0	
0.820513	2.11175	0.364064	1.25249	0.0144613	-0.0804617	0	-1.65202	-0.283416	-1.28126	-0.119248	0.674758	0	
0.923077	1.94387	0.335235	1.12949	0.00352311	-0.0182944	0	-1.70556	-0.29316	-1.17875	-0.0995159	0.568588	0	
1.02564	1.7737	0.305969	1.01752	-0.0053665	0.0321621	0	-1.69794	-0.292147	-1.06077	-0.0782762	0.440541	0	
1.12821	1.60669	0.27723	0.916944	-0.0120406	0.0698729	0	-1.64223	-0.28265	-0.950682	-0.0552058	0.313676	0	
1.23077	1.44702	0.249752	0.827803	-0.0165915	0.0954949	0	-1.5511	-0.266908	-0.832145	-0.0358128	0.198764	0	
1.33333	1.29744	0.224019	0.748978	-0.0192578	0.110525	0	-1.44059	-0.247748	-0.744363	-0.0175133	0.101841	0	
1.4359	1.15937	0.200282	0.677937	-0.0203273	0.116945	0	-1.32076	-0.226985	-0.676443	-0.00387705	0.0265571	0	
1.53846	1.03354	0.178664	0.614469	-0.0202702	0.116805	0	-1.19574	-0.205373	-0.59291	0.00502056	-0.0293513	0	
1.64103	0.919974	0.159165	0.558397	-0.0194433	0.111902	0	-1.07565	-0.184613	-0.52854	0.0115176	-0.0687211	0	
1.74359	0.817767	0.14163	0.505948	-0.0180194	0.103933	0	-0.968477	-0.166083	-0.520444	0.0169588	-0.090643	0	
1.84615	0.726161	0.125925	0.457584	-0.0162362	0.0942128	0	-0.863635	-0.148018	-0.446833	0.0187063	-0.10377	0	
1.94872	0.644384	0.111911	0.415257	-0.014394	0.0837005	0	-0.771923	-0.132271	-0.3997	0.018137	-0.106477	0	
2.05128	0.571026	0.0993412	0.375028	-0.0125536	0.0731403	0	-0.695235	-0.119122	-0.404888	0.0186708	-0.104729	0	
2.15385	0.50505	0.0880356	0.337487	-0.0107769	0.0630853	0	-0.624286	-0.10699	-0.345924	0.0168644	-0.09637	0	
2.25641	0.445615	0.077846	0.304943	-0.00916456	0.053946	0	-0.564414	-0.0968003	-0.304962	0.0153816	-0.086417	0	
2.35897	0.391697	0.0685943	0.275876	-0.00780266	0.0459458	0	-0.513946	-0.0882352	-0.276384	0.0118564	-0.0735869	0	
2.46154	0.342422	0.0601303	0.248907	-0.00666155	0.0393012	0	-0.471535	-0.0810434	-0.262987	0.0109659	-0.0593045	0	
2.5641	0.297095	0.0523326	0.223325	-0.0056583	0.0340492	0	-0.435015	-0.0749121	-0.248663	0.00909905	-0.0457357	0	
2.66667	0.255206	0.0451055	0.199596	-0.00486925	0.0301759	0	-0.40277	-0.0696284	-0.225916	0.00668188	-0.0317313	0	
2.76923	0.216371	0.0383747	0.177661	-0.00446465	0.0278404	0	-0.373924	-0.0649887	-0.212785	0.00141027	-0.014977	0	
2.87179	0.180344	0.0320951	0.157141	-0.00433947	0.0269774	0	-0.346613	-0.0606036	-0.197605	0.00109315	-0.00228462	0	
2.97436	0.147052	0.026255	0.138497	-0.00444197	0.0275881	0	-0.319233	-0.0561986	-0.175282	-0.00314303	0.0145	0	
3.07692	0.116564	0.0208696	0.12208	-0.00490676	0.0296409	0	-0.290518	-0.0515094	-0.153053	-0.0061528	0.0265544	0	
3.17949	0.0890669	0.0159805	0.107511	-0.00561297	0.0327806	0	-0.259431	-0.046272	-0.138336	-0.00797137	0.0362401	0	
3.28205	0.0648316	0.0116483	0.0938449	-0.00637569	0.0365831	0	-0.225277	-0.0403714	-0.134979	-0.00728301	0.0398097	0	
3.38462	0.0441865	0.00794118	0.0802327	-0.00711217	0.0403213	0	-0.187624	-0.0337712	-0.137266	-0.00744657	0.034955	0	
3.48718	0.027482	0.00493057	0.0667506	-0.00775871	0.043119	0	-0.146467	-0.026441	-0.132376	-0.00548433	0.0209981	0	
3.58974	0.014963	0.00267232	0.0534728	-0.00798811	0.0436529	0	-0.103913	-0.0187239	-0.133178	0.000896276	-0.0103195	0	
3.69231	0.00659958	0.00117017	0.0394863	-0.00731718	0.0401248	0	-0.0633549	-0.0113191	-0.146551	0.0125223	-0.0602432	0	
3.79487	0.00203928	0.000358534	0.0260028	-0.0054369	0.0305384	0	-0.0278512	-0.00491368	-0.123118	0.0250835	-0.131484	0	
3.89744	0.000323356	5.64197e-05	0.0149235	-0.00209136	0.0119821	0	-0.00646731	-0.0011286	-0.0984693	0.0418272	-0.239643	0	
4	0	0	0.01	2.30658e-11	-7.03557e-13	0	5.02492e-13	3.61102e-11	1.76689e-12	-8.14326e-13	-7.16502e-15	0	
