0	0.872619	0.1865	2.33707	0	0	0	0	0	0	0	0	0	
0.102564	0.872513	0.186477	2.29675	0.00523047	-0.0244366	0	-0.00213205	-0.000456327	-0.806513	0.104609	-0.488731	0	
0.205128	0.871897	0.186345	2.17576	0.0144974	-0.0678076	0	-0.0101775	-0.00217574	-1.61321	0.0807293	-0.37869	0	
0.307692	0.868219	0.18556	1.99764	0.0206807	-0.096788	0	-0.0633787	-0.0135198	-1.94932	0.0429368	-0.200918	0	
0.410256	0.855787	0.182911	1.81339	0.02275	-0.106518	0	-0.185272	-0.0394673	-1.73562	-0.0015511	0.00631953	0	
0.512821	0.831334	0.177703	1.64835	0.0210754	-0.0985635	0	-0.303787	-0.0647026	-1.56517	-0.0319403	0.152769	0	
0.615385	0.796011	0.170176	1.49807	0.0171142	-0.0797637	0	-0.402666	-0.0858207	-1.44035	-0.047284	0.223228	0	
0.717949	0.752094	0.16081	1.35847	0.012195	-0.0565216	0	-0.475677	-0.101497	-1.35168	-0.0511007	0.241613	0	
0.820513	0.702026	0.15012	1.23005	0.00719075	-0.0330386	0	-0.525682	-0.112314	-1.2168	-0.048984	0.228048	0	
0.923077	0.648243	0.138622	1.11354	0.00262271	-0.0117903	0	-0.549993	-0.117635	-1.11336	-0.0423768	0.196918	0	
1.02564	0.593088	0.126822	1.00559	-0.00119727	0.00588088	0	-0.553092	-0.118382	-1.0456	-0.0340228	0.156504	0	
1.12821	0.53851	0.115138	0.909724	-0.00414919	0.0194264	0	-0.538478	-0.115295	-0.871764	-0.0250155	0.114407	0	
1.23077	0.485915	0.103877	0.825319	-0.00622593	0.0289143	0	-0.513422	-0.109919	-0.816335	-0.0165192	0.0753496	0	
1.33333	0.436213	0.0932379	0.746089	-0.00748613	0.0348227	0	-0.480615	-0.102863	-0.768267	-0.00868488	0.0428195	0	
1.4359	0.390122	0.0833736	0.674501	-0.00806117	0.0377269	0	-0.441211	-0.0944226	-0.663491	-0.00281576	0.0152636	0	
1.53846	0.347982	0.0743537	0.611228	-0.00814141	0.0382472	0	-0.401588	-0.0859766	-0.601969	0.00121085	-0.00485728	0	
1.64103	0.309733	0.0661624	0.552659	-0.00789715	0.0370893	0	-0.36339	-0.0778484	-0.569422	0.00367445	-0.0183008	0	
1.74359	0.275262	0.0587758	0.498657	-0.00742181	0.0347595	0	-0.326019	-0.069884	-0.510622	0.00583227	-0.0282947	0	
1.84615	0.244394	0.0521576	0.450684	-0.00677631	0.0317064	0	-0.29135	-0.0624811	-0.448836	0.00707776	-0.0327672	0	
1.94872	0.216789	0.046237	0.407756	-0.00606847	0.028289	0	-0.260739	-0.0559294	-0.409714	0.00707903	-0.0355812	0	
2.05128	0.19206	0.0409334	0.368424	-0.0053447	0.0247399	0	-0.233853	-0.0501441	-0.376936	0.00739634	-0.0354003	0	
2.15385	0.169847	0.0361726	0.332585	-0.00462034	0.0213026	0	-0.21041	-0.0450714	-0.339841	0.00709088	-0.0333453	0	
2.25641	0.149806	0.0318826	0.30022	-0.00395096	0.0181934	0	-0.190395	-0.0407283	-0.307448	0.00629681	-0.0288394	0	
2.35897	0.131613	0.0279937	0.270615	-0.00337712	0.0155421	0	-0.173462	-0.0370504	-0.284661	0.00517984	-0.0241871	0	
2.46154	0.11499	0.0244454	0.243175	-0.00288465	0.0133305	0	-0.159002	-0.0339148	-0.264134	0.00466972	-0.0200448	0	
2.5641	0.0997144	0.0211879	0.217884	-0.0024572	0.0115551	0	-0.146516	-0.0312347	-0.241696	0.00387913	-0.0154618	0	
2.66667	0.0856091	0.0181803	0.194784	-0.00216421	0.0102451	0	-0.135589	-0.0289184	-0.2203	0.00198082	-0.0107391	0	
2.76923	0.0725417	0.0153931	0.173652	-0.00202617	0.00943504	0	-0.125759	-0.0268254	-0.202336	0.000779989	-0.00546217	0	
2.87179	0.0604285	0.0128101	0.154116	-0.00197743	0.00916653	0	-0.116505	-0.0248337	-0.18839	0.000194763	9.19942e-05	0	
2.97436	0.0492392	0.0104261	0.135919	-0.00201988	0.00939717	0	-0.10728	-0.0228473	-0.175535	-0.00104385	0.00452096	0	
3.07692	0.0389958	0.00824558	0.119119	-0.00216582	0.010064	0	-0.0975873	-0.0207626	-0.160467	-0.00187483	0.0088157	0	
3.17949	0.0297639	0.00628303	0.103779	-0.0024053	0.0111099	0	-0.0870516	-0.0184882	-0.146347	-0.00291481	0.0121026	0	
3.28205	0.0216381	0.0045594	0.0894995	-0.00266261	0.012342	0	-0.0754645	-0.0159844	-0.139236	-0.0022314	0.0125398	0	
3.38462	0.0147296	0.00309813	0.0758336	-0.00290154	0.0135308	0	-0.0627064	-0.0132409	-0.134082	-0.00254733	0.0112362	0	
3.48718	0.00914988	0.00192176	0.0627975	-0.00307607	0.014429	0	-0.0488871	-0.0102866	-0.126638	-0.000943137	0.00672666	0	
3.58974	0.004978	0.00104492	0.0504787	-0.00307108	0.0145932	0	-0.0345505	-0.00725018	-0.119738	0.00104297	-0.00344138	0	
3.69231	0.00221178	0.000464491	0.038625	-0.00280999	0.0134232	0	-0.0207739	-0.0043584	-0.117335	0.00417876	-0.0199585	0	
3.79487	0.000691402	0.000145362	0.02501	-0.00213864	0.0101936	0	-0.00963362	-0.00202419	-0.154966	0.00924825	-0.0446338	0	
3.89744	0.00010486	2.20763e-05	0.0136309	-0.000838114	0.00398097	0	-0.00209721	-0.000441526	-0.072617	0.0167623	-0.0796194	0	
4	0	0	0.01	0	0	0	0	0	0	0	0	0	
