0	4.74431	0.213021	3.67545	0	0	0	0	0	0	0	0	0	
0.102564	4.74366	0.21299	3.6351	0.00713623	-0.149052	0	-0.0129928	-0.00062091	-0.806984	0.142725	-2.98103	0	
0.205128	4.73993	0.212815	3.51373	0.0199625	-0.41624	0	-0.0616607	-0.0028914	-1.62042	0.113801	-2.36273	0	
0.307692	4.71354	0.211637	3.3393	0.0284757	-0.591582	0	-0.466132	-0.0206555	-1.86809	0.0564632	-1.14411	0	
0.410256	4.61005	0.207176	3.18448	0.0306201	-0.631899	0	-1.60368	-0.0685623	-1.22824	-0.0135738	0.337781	0	
0.512821	4.41283	0.198741	3.06719	0.027213	-0.555508	0	-2.34079	-0.100139	-1.11756	-0.0545701	1.19003	0	
0.615385	4.17266	0.188452	2.91777	0.0212825	-0.427094	0	-2.46259	-0.105658	-1.871	-0.0640396	1.37825	0	
0.717949	3.91674	0.17742	2.70735	0.0149205	-0.290881	0	-2.65574	-0.114974	-2.33737	-0.0632006	1.34601	0	
0.820513	3.64141	0.165419	2.46695	0.0088163	-0.161598	0	-2.85091	-0.125037	-2.47052	-0.0588827	1.23966	0	
0.923077	3.35073	0.152591	2.22415	0.00335112	-0.0473045	0	-2.96266	-0.131522	-2.38557	-0.0504209	1.04621	0	
1.02564	3.05441	0.139373	1.99671	-0.00114947	0.0455559	0	-2.96371	-0.132847	-2.16312	-0.0395909	0.810995	0	
1.12821	2.76301	0.126265	1.7934	-0.00454644	0.114265	0	-2.86434	-0.129313	-1.90324	-0.0283484	0.563197	0	
1.23077	2.48497	0.11368	1.61483	-0.00686235	0.159943	0	-2.69655	-0.122376	-1.66815	-0.0179699	0.350345	0	
1.33333	2.22564	0.101889	1.45809	-0.00823664	0.185851	0	-2.49003	-0.113449	-1.46666	-0.00951586	0.167826	0	
1.4359	1.98769	0.091033	1.31954	-0.00885508	0.196159	0	-2.26892	-0.103676	-1.30416	-0.00285307	0.0383349	0	
1.53846	1.77191	0.0811636	1.19618	-0.00890273	0.194889	0	-2.04668	-0.0937132	-1.16311	0.00190005	-0.0637383	0	
1.64103	1.57783	0.0722718	1.08578	-0.00854534	0.185649	0	-1.83495	-0.0841226	-1.04481	0.00524788	-0.121069	0	
1.74359	1.40402	0.0643015	0.985913	-0.00792766	0.171388	0	-1.6413	-0.0752832	-0.952637	0.00710556	-0.164146	0	
1.84615	1.24859	0.0571729	0.89458	-0.0071613	0.154417	0	-1.46713	-0.0672887	-0.874007	0.00822182	-0.175272	0	
1.94872	1.10952	0.050796	0.810287	-0.00633685	0.136482	0	-1.31433	-0.0602484	-0.811868	0.00826717	-0.183426	0	
2.05128	0.984761	0.0450794	0.732043	-0.00551968	0.118814	0	-1.18086	-0.0540836	-0.753005	0.00807609	-0.169926	0	
2.15385	0.872438	0.0399374	0.659614	-0.00473943	0.102258	0	-1.06561	-0.0487568	-0.69557	0.00752903	-0.161195	0	
2.25641	0.770819	0.0352897	0.592978	-0.00403261	0.087354	0	-0.966767	-0.0441979	-0.637157	0.00660726	-0.136895	0	
2.35897	0.678356	0.0310635	0.532171	-0.00342019	0.074461	0	-0.882506	-0.0403255	-0.578988	0.00564119	-0.120966	0	
2.46154	0.593689	0.0271949	0.476986	-0.00291262	0.0637903	0	-0.810826	-0.0370473	-0.524698	0.00451022	-0.0924473	0	
2.5641	0.51568	0.0236299	0.426933	-0.00251766	0.055502	0	-0.749357	-0.0342526	-0.476368	0.00338889	-0.0733185	0	
2.66667	0.443432	0.0203262	0.381329	-0.00224234	0.0496424	0	-0.695597	-0.0318211	-0.435718	0.00211746	-0.0438742	0	
2.76923	0.376308	0.0172539	0.339442	-0.00208809	0.0462841	0	-0.646891	-0.0296241	-0.402022	0.000967633	-0.0232905	0	
2.87179	0.313936	0.0143962	0.300702	-0.00205839	0.0454013	0	-0.600546	-0.0275296	-0.372766	-0.000373647	0.00563347	0	
2.97436	0.256209	0.011749	0.264756	-0.0021382	0.0469286	0	-0.553997	-0.0254154	-0.34616	-0.00122264	0.0249117	0	
3.07692	0.20326	0.0093193	0.231297	-0.00231718	0.0506277	0	-0.504978	-0.0231785	-0.323027	-0.00235682	0.0490714	0	
3.17949	0.155429	0.00712369	0.199861	-0.00258049	0.0561356	0	-0.451634	-0.0207337	-0.305678	-0.00290939	0.061087	0	
3.28205	0.113226	0.00518643	0.170013	-0.00288923	0.0626682	0	-0.392436	-0.0180114	-0.291299	-0.00326535	0.0695651	0	
3.38462	0.0772798	0.00353724	0.141797	-0.00319299	0.0691342	0	-0.326486	-0.0149724	-0.273013	-0.00280985	0.0597545	0	
3.48718	0.0481561	0.00220241	0.114632	-0.00341054	0.0739474	0	-0.255989	-0.0117243	-0.270282	-0.00154118	0.036509	0	
3.58974	0.0261837	0.00119665	0.0871918	-0.00344315	0.0748995	0	-0.183459	-0.00839085	-0.278526	0.000888984	-0.0174668	0	
3.69231	0.0116042	0.000530102	0.0625574	-0.00315898	0.0689687	0	-0.108131	-0.00494002	-0.214161	0.0047944	-0.101148	0	
3.79487	0.00369485	0.000168785	0.0398337	-0.00239942	0.0525213	0	-0.0500569	-0.00228632	-0.240314	0.0103968	-0.2278	0	
3.89744	0.000596003	2.72347e-05	0.018909	-0.000939791	0.0205657	0	-0.0119201	-0.000544693	-0.178179	0.0187958	-0.411313	0	
4	0	0	0.01	0	0	0	0	0	0	0	0	0	
