0	-4.83381	-5.80091	-4.66637	1.84547e-16	-7.18295e-17	1.80202e-18	-0.168803	0.169634	0.0555633	1.1007e-17	-8.21983e-18	1.66367e-18	
0.128205	-4.85149	-5.77197	-4.63784	-0.157653	0.068294	-0.0175162	-0.11403	0.293376	0.400956	-2.52245	1.0927	-0.28026	
0.25641	-4.85434	-5.71067	-4.56909	-0.35299	0.151411	-0.0541721	0.0683349	0.687382	0.699029	-0.602942	0.237172	-0.306235	
0.384615	-4.83005	-5.59273	-4.46671	-0.332065	0.141154	-0.0840386	0.320329	1.19966	0.938958	0.937734	-0.401286	-0.171629	
0.512821	-4.77581	-5.41597	-4.33402	-0.256556	0.106548	-0.116419	0.547553	1.62852	1.1841	0.27042	-0.152416	-0.34646	
0.641026	-4.69474	-5.19024	-4.17079	-0.246393	0.0968653	-0.166758	0.749611	1.98311	1.42758	-0.107817	-0.00250465	-0.458962	
0.769231	-4.58811	-4.92148	-3.97842	-0.248841	0.0922572	-0.227109	0.956396	2.31709	1.65044	0.0686449	-0.0712243	-0.506662	
0.897436	-4.45537	-4.61251	-3.75939	-0.233832	0.0812531	-0.293341	1.16745	2.62645	1.85398	0.171499	-0.104842	-0.553042	
1.02564	-4.29655	-4.26722	-3.51587	-0.214996	0.0699633	-0.365701	1.37364	2.89818	2.04238	0.129882	-0.0757939	-0.604712	
1.15385	-4.11226	-3.89025	-3.24976	-0.200304	0.0621533	-0.443864	1.57507	3.13329	2.21532	0.105192	-0.0491659	-0.645909	
1.28205	-3.90291	-3.486	-2.96306	-0.186468	0.0569885	-0.526435	1.77453	3.3348	2.37184	0.116177	-0.0334723	-0.675215	
1.41026	-3.66875	-3.05866	-2.65782	-0.171671	0.0540613	-0.61212	1.97202	3.50251	2.51198	0.12058	-0.0133616	-0.695745	
1.53846	-3.41008	-2.61252	-2.33608	-0.157143	0.0539956	-0.699834	2.16672	3.63575	2.63597	0.11187	0.0123099	-0.707688	
1.66667	-3.12725	-2.15188	-1.99984	-0.143884	0.0571695	-0.788453	2.35858	3.73454	2.74378	0.100276	0.0384721	-0.710212	
1.79487	-2.82059	-1.68103	-1.65115	-0.132183	0.0635845	-0.876804	2.54785	3.79903	2.83537	0.0869321	0.0641677	-0.703403	
1.92308	-2.49044	-1.20427	-1.29202	-0.122347	0.0731454	-0.963734	2.73467	3.82921	2.91074	0.0704438	0.088808	-0.687471	
2.05128	-2.13708	-0.725876	-0.924475	-0.114481	0.085494	-1.04808	2.91895	3.82504	2.96991	0.0554086	0.108768	-0.662123	
2.17949	-1.76089	-0.250149	-0.550547	-0.10846	0.100101	-1.12869	3.10015	3.78659	3.01295	0.0409405	0.124939	-0.627575	
2.30769	-1.36224	0.218637	-0.172246	-0.105246	0.117363	-1.20452	3.27827	3.71399	3.03987	0.0104766	0.151252	-0.58577	
2.4359	-0.941394	0.676178	0.208392	-0.106434	0.138406	-1.27469	3.45525	3.60668	3.05034	-0.0294756	0.18544	-0.536902	
2.5641	-0.49844	1.11809	0.589298	-0.108788	0.160981	-1.3379	3.63201	3.46391	3.04415	-0.00819159	0.175753	-0.474492	
2.69231	-0.0339217	1.54015	0.968402	-0.1017	0.177245	-1.39204	3.80028	3.2891	3.02153	0.121591	0.0844853	-0.391714	
2.82051	0.44988	1.93908	1.34367	-0.0767571	0.180821	-1.43516	3.94056	3.09374	2.9828	0.277499	-0.0272828	-0.298132	
2.94872	0.948237	2.31325	1.71311	-0.03721	0.174635	-1.46664	4.03315	2.89292	2.9282	0.355254	-0.0716918	-0.205601	
3.07692	1.45462	2.66256	2.07474	0.00807717	0.166809	-1.48627	4.06893	2.69614	2.85786	0.369341	-0.0535269	-0.108504	
3.20513	1.96191	2.98764	2.42658	0.0551542	0.161261	-1.49313	4.04779	2.50511	2.77159	0.383892	-0.0352322	-0.00122236	
3.33333	2.46311	3.28912	2.76663	0.104978	0.155971	-1.4861	3.97135	2.31853	2.66914	0.413292	-0.0494158	0.113651	
3.46154	2.95131	3.56753	3.09285	0.158342	0.146997	-1.46448	3.83978	2.13608	2.55046	0.440532	-0.0941537	0.232316	
3.58974	3.41958	3.82345	3.40323	0.214311	0.131424	-1.42785	3.65265	1.95851	2.41563	0.454974	-0.155023	0.353711	
3.71795	3.861	4.05746	3.69575	0.271218	0.108441	-1.37564	3.41006	1.78566	2.26464	0.455532	-0.212703	0.481611	
3.84615	4.26868	4.27001	3.96837	0.327559	0.0768849	-1.30742	3.11275	1.61522	2.09731	0.445918	-0.292197	0.609946	
3.97436	4.63574	4.46141	4.21905	0.381728	0.0281122	-1.22562	2.76033	1.44714	1.91361	0.420789	-0.488166	0.698831	
4.10256	4.95505	4.63247	4.44573	0.429652	-0.0499914	-1.13499	2.34861	1.28979	1.71316	0.346001	-0.761491	0.751387	
4.23077	5.21908	4.78484	4.64625	0.461601	-0.14254	-1.02755	1.87574	1.14819	1.49528	0.165175	-0.71928	0.967504	
4.35897	5.42154	4.91879	4.81879	0.466433	-0.2	-0.876189	1.36365	0.994991	1.26527	-0.0878585	-0.200088	1.45434	
4.48718	5.56104	5.02953	4.96259	0.450749	-0.2	-0.670501	0.868454	0.776893	1.03552	-0.163094	0.200088	1.83667	
4.61538	5.64309	5.10816	5.07783	0.422829	-0.2	-0.448702	0.444202	0.48109	0.808304	-0.283625	-0.200088	1.71213	
4.74359	5.67825	5.14911	5.16485	0.320901	-0.2	-0.239549	0.118456	0.17424	0.584102	-1.34722	0.200088	1.63432	
4.87179	5.6817	5.15831	5.22404	0.11835	-0.0937473	-0.0687019	-0.0632969	-0.0270547	0.36297	-1.8936	1.49996	1.09923	
5	5.6708	5.15141	5.25385	-1.38027e-17	1.17744e-16	1.33727e-16	-0.111098	-0.0834024	0.113906	2.4579e-18	-8.26467e-19	-7.46428e-17	
