0	-5.89171	-4.78942	-4.01986	0	0	0	0.0179114	0.170954	-0.0116854	0	0	0	
0.128205	-5.88591	-4.76298	-4.00105	-0.105159	0.0726497	-0.0160919	0.07492	0.252161	0.312738	-1.68255	1.1624	-0.257471	
0.25641	-5.86472	-4.71526	-3.94359	-0.238457	0.163182	-0.0533459	0.264093	0.511353	0.606528	-0.450212	0.286122	-0.338593	
0.384615	-5.81526	-4.63009	-3.85194	-0.230897	0.155523	-0.0924867	0.527347	0.851377	0.859915	0.571177	-0.408669	-0.287659	
0.512821	-5.7344	-4.50559	-3.72893	-0.185909	0.119445	-0.138714	0.766303	1.14055	1.10822	0.148625	-0.168579	-0.451978	
0.641026	-5.62538	-4.34779	-3.57536	-0.183825	0.107603	-0.202825	0.978045	1.38423	1.34898	-0.115279	-0.0208947	-0.573792	
0.769231	-5.48982	-4.16023	-3.39284	-0.191689	0.100438	-0.279195	1.19093	1.61685	1.5712	-0.0105461	-0.0937352	-0.648139	
0.897436	-5.32757	-3.94439	-3.18369	-0.188164	0.0858421	-0.364411	1.405	1.83659	1.77527	0.0669481	-0.139804	-0.715316	
1.02564	-5.13901	-3.70238	-2.95	-0.181091	0.0697195	-0.458009	1.61196	2.03543	1.9637	0.0462136	-0.118158	-0.782247	
1.15385	-4.92501	-3.43682	-2.69374	-0.176168	0.0559443	-0.559265	1.81207	2.21363	2.13654	0.0325581	-0.102245	-0.837849	
1.28205	-4.68628	-3.15016	-2.4169	-0.171022	0.0431257	-0.666538	2.00771	2.37281	2.29287	0.0497809	-0.102852	-0.878521	
1.41026	-4.42339	-2.84481	-2.12154	-0.164049	0.0309062	-0.778292	2.19846	2.51288	2.4329	0.0617861	-0.0926606	-0.909546	
1.53846	-4.13703	-2.52316	-1.80969	-0.156039	0.0203832	-0.893262	2.38333	2.63343	2.5567	0.0663691	-0.075706	-0.929966	
1.66667	-3.82793	-2.18768	-1.48338	-0.147915	0.0120314	-1.00996	2.56226	2.73439	2.66426	0.063622	-0.0579241	-0.937269	
1.79487	-3.49682	-1.84077	-1.14465	-0.140251	0.00588836	-1.1267	2.73549	2.81606	2.75549	0.0589958	-0.040364	-0.930556	
1.92308	-3.14441	-1.48485	-0.795521	-0.132972	0.00203356	-1.24179	2.90307	2.87867	2.83052	0.057466	-0.0213128	-0.910825	
2.05128	-2.77141	-1.12229	-0.438001	-0.126463	0.00042167	-1.3537	3.06489	2.92234	2.8898	0.0466887	-0.00447755	-0.879682	
2.17949	-2.37854	-0.755433	-0.0740913	-0.12166	0.000692797	-1.46087	3.22107	2.94734	2.93275	0.0301589	0.00881557	-0.835133	
2.30769	-1.96646	-0.386609	0.294178	-0.118586	0.00311987	-1.5617	3.37214	2.95385	2.95956	0.0190166	0.0300176	-0.778126	
2.4359	-1.53584	-0.0181532	0.664782	-0.116455	0.00797538	-1.65467	3.51779	2.94144	2.9701	0.0150789	0.0476706	-0.70933	
2.5641	-1.08741	0.347547	1.03566	-0.115537	0.0148019	-1.73843	3.65711	2.90976	2.964	-0.000389558	0.061554	-0.630837	
2.69231	-0.621918	0.708085	1.40478	-0.117911	0.0229751	-1.81154	3.79079	2.85885	2.94184	-0.0375888	0.0692168	-0.539018	
2.82051	-0.139963	1.06106	1.77012	-0.122771	0.0323873	-1.87235	3.92049	2.78871	2.90362	-0.0401776	0.0813779	-0.433827	
2.94872	0.35773	1.40409	2.12966	-0.121824	0.0449018	-1.91941	4.0426	2.69986	2.84898	0.0553385	0.118855	-0.319185	
3.07692	0.869395	1.735	2.48131	-0.105991	0.062827	-1.95126	4.14404	2.59465	2.77746	0.197979	0.167947	-0.190456	
3.20513	1.39135	2.05201	2.82296	-0.0736929	0.0855624	-1.96583	4.20731	2.47754	2.68889	0.318793	0.19582	-0.0426619	
3.33333	1.91796	2.35402	3.15249	-0.027615	0.10885	-1.96082	4.21833	2.35465	2.58366	0.418454	0.176777	0.122912	
3.46154	2.44213	2.64068	3.4679	0.0297624	0.129561	-1.9345	4.16851	2.23191	2.46287	0.499583	0.1546	0.298164	
3.58974	2.95594	2.91211	3.76729	0.096012	0.148605	-1.88549	4.05232	2.11096	2.32733	0.560411	0.150101	0.486013	
3.71795	3.45081	3.16826	4.04879	0.169674	0.165051	-1.81222	3.86573	1.98733	2.17669	0.618183	0.113039	0.686231	
3.84615	3.91782	3.40835	4.31043	0.250254	0.172078	-1.71414	3.60645	1.85416	2.00965	0.671087	-0.000607388	0.88313	
3.97436	4.34788	3.63105	4.55006	0.336033	0.155708	-1.59464	3.27439	1.70899	1.82432	0.701385	-0.26132	1.02882	
4.10256	4.73188	3.83536	4.76548	0.420062	0.0992639	-1.46168	2.86969	1.55995	1.62251	0.643077	-0.641777	1.0986	
4.23077	5.06083	4.02153	4.95483	0.487536	0.00444721	-1.3166	2.39341	1.41885	1.4071	0.436513	-0.87529	1.22268	
4.35897	5.32637	4.18967	5.11649	0.528588	-0.0900789	-1.13784	1.85532	1.27138	1.17938	0.220322	-0.637128	1.63744	
4.48718	5.52257	4.33507	5.24906	0.556694	-0.14402	-0.898375	1.28386	1.055	0.941667	0.229367	-0.225934	2.19397	
4.61538	5.64894	4.44557	5.35101	0.569963	-0.184083	-0.619286	0.738046	0.713065	0.689597	-0.0170594	-0.415061	2.27145	
4.74359	5.71459	4.50899	5.42157	0.457344	-0.2	-0.334258	0.312329	0.301644	0.439302	-1.78485	0.160382	2.28899	
4.87179	5.74008	4.52843	5.46278	0.172895	-0.0949881	-0.0955982	0.0954702	0.00934151	0.220071	-2.76633	1.51981	1.52957	
5	5.74882	4.52438	5.47551	2.90284e-13	0	0	0.0443905	-0.0741777	-0.0164075	0	0	0	
