0	-5.40302	-5.14133	-5.13349	0	0	0	-0.0355934	0.0749128	0.0519616	0	0	0	
0.128205	-5.40675	-5.13148	-5.10807	-0.0103894	0.0150829	-0.00123325	-0.0240871	0.082828	0.35471	-0.166231	0.241326	-0.0197321	
0.25641	-5.40722	-5.11932	-5.04561	-0.0277839	0.0384005	-0.00485619	0.0165585	0.111649	0.644733	-0.112082	0.131756	-0.0382349	
0.384615	-5.40107	-5.10233	-4.94795	-0.0374978	0.0479794	-0.0107248	0.0817954	0.160176	0.91781	-0.04334	0.0215076	-0.0556629	
0.512821	-5.38614	-5.07861	-4.8172	-0.0436906	0.0522226	-0.0191691	0.157008	0.219316	1.17414	-0.0557449	0.0463834	-0.0794466	
0.641026	-5.36125	-5.04692	-4.65546	-0.0524864	0.0602793	-0.0306134	0.241311	0.287792	1.41381	-0.0849878	0.0825227	-0.103661	
0.769231	-5.32496	-5.00593	-4.46477	-0.0630399	0.0702671	-0.0448481	0.339276	0.368062	1.63722	-0.0838683	0.077283	-0.124093	
0.897436	-5.27556	-4.95417	-4.24716	-0.0728886	0.0782788	-0.0613722	0.451096	0.46003	1.84449	-0.0737108	0.0509045	-0.140293	
1.02564	-5.21146	-4.89026	-4.00462	-0.0830511	0.0846845	-0.0802283	0.574506	0.562638	2.03609	-0.088889	0.0515858	-0.161405	
1.15385	-5.13122	-4.81282	-3.73916	-0.0949831	0.0918997	-0.102192	0.709453	0.676324	2.21136	-0.102023	0.0638573	-0.19002	
1.28205	-5.03327	-4.72039	-3.45273	-0.108885	0.0991897	-0.127569	0.857624	0.802521	2.37141	-0.120407	0.0527826	-0.216008	
1.41026	-4.91599	-4.61137	-3.14725	-0.123456	0.104681	-0.155741	1.01895	0.941847	2.51628	-0.112727	0.0350825	-0.234747	
1.53846	-4.77781	-4.4842	-2.82474	-0.136989	0.108879	-0.186071	1.19197	1.09285	2.64395	-0.103811	0.0320846	-0.250533	
1.66667	-4.61726	-4.33753	-2.48729	-0.15064	0.113033	-0.218472	1.3767	1.2539	2.75523	-0.114597	0.0343702	-0.267877	
1.79487	-4.43283	-4.17009	-2.13693	-0.166302	0.116774	-0.252969	1.57431	1.42516	2.85051	-0.135999	0.0254977	-0.284074	
1.92308	-4.22285	-3.98052	-1.77568	-0.183974	0.118913	-0.28936	1.78522	1.60795	2.92947	-0.146753	0.00872072	-0.298181	
2.05128	-3.98571	-3.76731	-1.40553	-0.202468	0.119063	-0.327357	2.00904	1.80338	2.99302	-0.14914	-0.00632734	-0.309776	
2.17949	-3.71982	-3.52884	-1.02846	-0.222468	0.117599	-0.36683	2.24526	2.01215	3.04003	-0.170861	-0.0170879	-0.321788	
2.30769	-3.42358	-3.26344	-0.646572	-0.242876	0.11552	-0.408046	2.4946	2.23426	3.07018	-0.15567	-0.0161795	-0.337666	
2.4359	-3.09538	-2.96954	-0.261921	-0.261598	0.110873	-0.450308	2.75658	2.46815	3.08423	-0.143887	-0.0581792	-0.338536	
2.5641	-2.73407	-2.64568	0.123454	-0.278181	0.0967049	-0.491429	3.02447	2.71359	3.08178	-0.121438	-0.168503	-0.319393	
2.69231	-2.33972	-2.2904	0.507455	-0.287546	0.0711014	-0.530645	3.28503	2.97092	3.06224	-0.0284067	-0.241153	-0.308066	
2.82051	-1.91401	-1.90254	0.887931	-0.285772	0.0424493	-0.570155	3.52631	3.23486	3.02536	0.0568008	-0.21728	-0.324095	
2.94872	-1.45953	-1.48188	1.26264	-0.276972	0.0198818	-0.612533	3.74546	3.49563	2.97005	0.0839959	-0.1438	-0.353951	
3.07692	-0.978762	-1.02931	1.62929	-0.265649	0.00412727	-0.657519	3.94678	3.74549	2.89635	0.0971718	-0.108272	-0.365833	
3.20513	-0.473882	-0.546343	1.98563	-0.25123	-0.0132703	-0.701956	4.13129	3.98205	2.805	0.133535	-0.170089	-0.345152	
3.33333	0.0523308	-0.0345609	2.32941	-0.226475	-0.0416784	-0.742751	4.28812	4.20647	2.69548	0.262546	-0.284441	-0.307574	
3.46154	0.594934	0.504402	2.6586	-0.175609	-0.0830875	-0.779119	4.39353	4.41694	2.57163	0.551296	-0.378104	-0.274302	
3.58974	1.14558	1.0679	2.97163	-0.0851302	-0.125105	-0.813039	4.41677	4.59899	2.43673	0.896373	-0.294177	-0.268432	
3.71795	1.69271	1.6505	3.26697	0.0392654	-0.142428	-0.844003	4.33737	4.72274	2.2888	1.09396	0.0170019	-0.226986	
3.84615	2.22358	2.24273	3.54296	0.177346	-0.122623	-0.863207	4.15647	4.75283	2.12696	1.11534	0.29989	-0.0802695	
3.97436	2.72613	2.83108	3.79781	0.317668	-0.0814887	-0.861315	3.88436	4.66081	1.95074	1.1298	0.358255	0.11053	
4.10256	3.18925	3.39931	4.02947	0.456913	-0.0438136	-0.836777	3.52558	4.43085	1.75577	1.09812	0.244547	0.282079	
4.23077	3.60246	3.93043	4.23549	0.568813	-0.0285145	-0.795055	3.0858	4.06716	1.54062	0.692281	0.000238977	0.385475	
4.35897	3.95646	4.40971	4.41453	0.626883	-0.0505441	-0.745618	2.57817	3.60128	1.32391	0.236843	-0.352712	0.405528	
4.48718	4.24148	4.82487	4.56654	0.725767	-0.110119	-0.688142	1.98224	3.04132	1.10839	1.3453	-0.60048	0.514076	
4.61538	4.44396	5.15741	4.68481	0.980521	-0.177853	-0.583475	1.25738	2.27925	0.783845	2.73076	-0.483275	1.1606	
4.74359	4.55807	5.37818	4.75461	1.01795	-0.2	-0.358796	0.568427	1.25305	0.332967	-2.13191	0.128926	2.43426	
4.87179	4.60607	5.47938	4.78507	0.442353	-0.0959711	-0.103327	0.199507	0.366082	0.154383	-7.07764	1.53554	1.65324	
5	4.62641	5.50796	4.80502	-1.74382e-13	0	0	0.125894	0.0912837	0.164793	0	0	0	
