0	0	0	0	-2.91059e-37	3.78829e-39	-3.49354e-76	0	0	0	0	0	0	
0.263158	0.0538466	0.0538466	0.0538466	2.99357e-37	-3.23809e-39	-2.10972e-58	-3.70816e-40	-3.73602e-38	6.99508e-14	6.09262e-13	7.20469e-13	2.74778e-13	
0.526316	0.108495	0.108495	0.108495	-3.38833e-37	-8.90254e-40	-1.40945e-58	-2.65274e-40	4.885e-38	-1.32164e-13	-1.15079e-12	-1.36126e-12	-5.19101e-13	
0.789474	0.163859	0.163859	0.163859	-6.78484e-37	1.76467e-39	-2.45316e-57	1.06428e-39	2.2977e-37	1.8656e-13	1.62423e-12	1.92178e-12	7.32845e-13	
1.05263	0.219855	0.219855	0.219855	3.27159e-37	-6.08588e-39	-2.1676e-57	-2.98503e-39	-1.71517e-37	-2.33371e-13	-2.03102e-12	-2.40208e-12	-9.16208e-13	
1.31579	0.276396	0.276396	0.276396	-2.38262e-37	4.01336e-39	-5.9561e-59	2.87617e-39	2.21109e-37	2.72221e-13	2.36996e-12	2.802e-12	1.06891e-12	
1.57895	0.333398	0.333398	0.333398	2.13535e-37	-2.97471e-39	2.14931e-58	-3.28574e-39	-3.99234e-37	-3.03312e-13	-2.64042e-12	-3.12319e-12	-1.19103e-12	
1.84211	0.390777	0.390777	0.390777	-3.83791e-37	2.15786e-39	5.21058e-58	4.11906e-39	6.26944e-37	3.26546e-13	2.84384e-12	3.3641e-12	1.28263e-12	
2.10526	0.448447	0.448447	0.448447	2.76042e-37	-1.74465e-39	2.05142e-58	-4.94444e-39	-6.87117e-37	-3.42209e-13	-2.97818e-12	-3.5243e-12	-1.34383e-12	
2.36842	0.506324	0.506324	0.506324	-9.56114e-38	7.49588e-40	-1.47774e-60	5.15294e-39	6.94771e-37	3.50016e-13	3.04526e-12	3.6049e-12	1.37429e-12	
2.63158	0.564323	0.564323	0.564323	3.31534e-39	1.17334e-39	1.86971e-59	-5.40573e-39	-6.35756e-37	-3.50074e-13	-3.0447e-12	-3.606e-12	-1.37443e-12	
2.89474	0.622357	0.622357	0.622357	1.53158e-37	-2.33313e-39	5.16348e-59	5.64052e-39	5.3274e-37	3.42318e-13	2.97477e-12	3.52695e-12	1.34416e-12	
3.15789	0.680341	0.680341	0.680341	-3.1806e-37	2.82993e-39	2.50323e-59	-5.0015e-39	-4.77052e-37	-3.26845e-13	-2.83831e-12	-3.36705e-12	-1.28302e-12	
3.42105	0.738188	0.738188	0.738188	5.88721e-37	-4.12847e-39	-4.89724e-59	4.28288e-39	5.12074e-37	3.03499e-13	2.6362e-12	3.12655e-12	1.19134e-12	
3.68421	0.79581	0.79581	0.79581	-8.81158e-37	5.31589e-39	-5.62262e-59	-3.82366e-39	-5.75741e-37	-2.72244e-13	-2.36608e-12	-2.80588e-12	-1.06916e-12	
3.94737	0.853118	0.853118	0.853118	9.73473e-37	-6.20397e-39	3.57316e-59	3.28096e-39	5.16168e-37	2.33313e-13	2.02696e-12	2.40504e-12	9.16453e-13	
4.21053	0.910024	0.910024	0.910024	-1.08609e-36	5.48551e-39	7.4519e-59	-2.18707e-39	-4.09593e-37	-1.86551e-13	-1.62133e-12	-1.92403e-12	-7.33095e-13	
4.47368	0.966436	0.966436	0.966436	1.16751e-36	-4.82426e-39	-2.80228e-59	1.22835e-39	2.87759e-37	1.32052e-13	1.14809e-12	1.36321e-12	5.19248e-13	
4.73684	3.97569	3.97569	3.97569	-2.78744e-37	3.6652e-39	-2.51429e-61	-4.66263e-40	-4.17304e-38	-6.99053e-14	-6.07788e-13	-7.21722e-13	-2.74885e-13	
5	4	4	4	-2.91059e-37	3.73673e-39	8.84344e-75	0	0	0	0	0	0	
