0	-1.49008e-10	-1.48217e-12	6.96834e-11	-2.42518e-10	1.16966e-10	-2.19211e-11	1.36127e-10	1.29093e-10	4.07631e-09	-1.57896e-11	6.89852e-12	-6.73839e-12	
0.172414	0.00135227	0.000665884	-0.0249703	-0.0117449	0.0238165	-0.00129221	0.0165266	0.00813714	-0.274633	-0.133075	0.26878	-0.0152231	
0.344828	0.0104376	0.00525602	-0.057361	-0.0284453	0.0540864	-0.00510327	0.0897249	0.0455645	-0.101204	-0.0575118	0.0758752	-0.0285735	
0.517241	0.0349064	0.0180692	-0.0602115	-0.0341531	0.0573108	-0.0107476	0.194247	0.103222	0.0681001	-0.0117011	-0.0317029	-0.0372081	
0.689655	0.0775524	0.0415426	-0.0339996	-0.0383193	0.0558408	-0.0181412	0.300399	0.169149	0.23595	-0.0362079	0.0135651	-0.0484969	
0.862069	0.138668	0.0771621	0.0211203	-0.0448413	0.0586196	-0.0272716	0.408617	0.244167	0.403437	-0.0392782	0.0185208	-0.0573998	
1.03448	0.219028	0.126687	0.105136	-0.0517173	0.0618885	-0.0379363	0.523643	0.330451	0.57115	-0.040538	0.0194014	-0.0663192	
1.2069	0.319854	0.192071	0.21814	-0.0586725	0.064781	-0.0502119	0.646028	0.428123	0.739699	-0.0400926	0.0140572	-0.0760838	
1.37931	0.442365	0.275261	0.360301	-0.0656345	0.0668736	-0.0643517	0.775166	0.536982	0.909386	-0.0406998	0.0102742	-0.0879689	
1.55172	0.58765	0.378161	0.5318	-0.0726627	0.0682491	-0.0807791	0.910202	0.656763	1.08001	-0.0408082	0.0056486	-0.102614	
1.72414	0.756651	0.502621	0.732728	-0.0796456	0.0687083	-0.100028	1.05026	0.78707	1.25075	-0.0401903	-0.000329643	-0.120708	
1.89655	0.950131	0.650392	0.962975	-0.0864096	0.0680271	-0.12276	1.19415	0.927157	1.42009	-0.0382584	-0.00758605	-0.14302	
2.06897	1.16862	0.82306	1.2221	-0.0927526	0.0659846	-0.149773	1.34033	1.07586	1.58569	-0.0353178	-0.0161171	-0.170385	
2.24138	1.41236	1.02199	1.50918	-0.098638	0.0624029	-0.182023	1.48702	1.23173	1.74442	-0.0329491	-0.0254392	-0.203765	
2.41379	1.68126	1.24827	1.8227	-0.103964	0.0571072	-0.220617	1.63229	1.39324	1.89223	-0.0288455	-0.0359997	-0.243982	
2.58621	1.97492	1.50278	2.16034	-0.108916	0.0498633	-0.266765	1.77411	1.55903	2.02428	-0.0285539	-0.0480602	-0.291398	
2.75862	2.29253	1.7861	2.51892	-0.112637	0.0402024	-0.321607	1.91004	1.72754	2.13507	-0.0145562	-0.0640095	-0.344806	
2.93103	2.63278	2.09847	2.89428	-0.113547	0.0281144	-0.385944	2.03685	1.8958	2.21885	0.00420436	-0.0761709	-0.401503	
3.10345	2.99381	2.43934	3.28127	-0.109229	0.0148552	-0.459719	2.15099	2.05825	2.26987	0.0458085	-0.0774115	-0.454217	
3.27586	3.37334	2.80718	3.67373	-0.101379	0.00405935	-0.541205	2.25149	2.20854	2.28237	0.0444148	-0.0475276	-0.490764	
3.44828	3.76963	3.20001	4.06448	-0.101073	-0.00236557	-0.625527	2.34543	2.3483	2.24979	-0.041006	-0.0281023	-0.48683	
3.62069	4.18211	3.6175	4.44511	-0.113672	-0.0186231	-0.702343	2.43904	2.4949	2.16501	-0.104079	-0.162468	-0.403494	
3.7931	4.60857	4.06256	4.80625	-0.109063	-0.0648944	-0.757009	2.50702	2.66773	2.02391	0.166673	-0.371708	-0.229497	
3.96552	5.03691	4.53657	5.139	0.000438912	-0.129663	-0.778407	2.45935	2.82982	1.83663	1.10443	-0.377253	-0.020187	
4.13793	5.43515	5.02588	5.43647	0.268704	-0.178432	-0.754561	2.15527	2.84422	1.61707	2.00869	-0.179295	0.289365	
4.31034	5.74969	5.48308	5.68714	0.698933	-0.19759	-0.650652	1.48312	2.45394	1.29583	2.98849	-0.0442159	0.925704	
4.48276	5.93177	5.82074	5.86345	0.966159	-0.201282	-0.414394	0.625766	1.45607	0.748777	-0.0340453	-0.0046493	1.82531	
4.65517	5.99274	5.97395	5.96177	0.495388	-0.109422	-0.125802	0.0916399	0.321799	0.406808	-5.26359	1.11986	1.47088	
4.82759	5.99999	5.99997	5.99996	0.000519423	-0.00011479	-0.00013121	-7.2536e-06	0.000119031	0.0286758	-0.339454	0.0778303	0.0233979	
5	6	6	6	5.4869e-10	-6.19262e-09	-8.25852e-09	6.95749e-09	1.02588e-09	-2.8247e-09	-6.52509e-11	2.18164e-10	1.18698e-09	
