0	-7.22782e-09	-7.29399e-09	7.48887e-09	2.75002e-09	-7.16472e-10	1.36552e-11	7.35934e-10	-7.05476e-10	4.25236e-07	1.43549e-10	-1.77312e-11	-1.04553e-10	
0.153846	0.000172085	0.000111438	-0.0232407	-0.00251809	0.00388739	-0.00022837	0.00232795	0.00150758	-0.292356	-0.0322303	0.0496761	-0.00299224	
0.307692	0.0013547	0.000882944	-0.0609974	-0.00630288	0.00956893	-0.000929457	0.0131501	0.00859085	-0.198585	-0.0163705	0.0232858	-0.00609838	
0.461538	0.00467268	0.00306807	-0.0850928	-0.0078284	0.0115485	-0.00201566	0.0300199	0.0198427	-0.114771	-0.00400195	0.00327967	-0.00802088	
0.615385	0.0107537	0.00712841	-0.0971175	-0.0088168	0.0124643	-0.00335336	0.0490464	0.0329554	-0.0416601	-0.00876655	0.00848148	-0.00936221	
0.769231	0.0199025	0.0133502	-0.0986932	-0.0103697	0.0140034	-0.00487248	0.0699096	0.0479488	0.0210765	-0.0114402	0.0115876	-0.0103861	
0.923077	0.0324797	0.0220871	-0.0913271	-0.0124716	0.0162217	-0.00655261	0.0936238	0.0656593	0.0746027	-0.0158993	0.017251	-0.0114571	
1.07692	0.0490077	0.0338217	-0.076301	-0.015136	0.0191354	-0.00841013	0.121278	0.0869232	0.120676	-0.018707	0.0205955	-0.0126917	
1.23077	0.0701719	0.0491625	-0.0545989	-0.0183161	0.0226455	-0.0104798	0.153902	0.112546	0.161412	-0.0226647	0.0250663	-0.0142178	
1.38462	0.0968147	0.0688444	-0.0268654	-0.0220947	0.0267951	-0.0128086	0.192507	0.143364	0.199105	-0.026441	0.0288566	-0.0160586	
1.53846	0.129941	0.093741	0.00661107	-0.0265409	0.0316025	-0.015451	0.238191	0.180342	0.236088	-0.0313796	0.0336592	-0.0182967	
1.69231	0.170732	0.124886	0.0458975	-0.0317741	0.0371326	-0.0184707	0.292159	0.224598	0.274652	-0.036648	0.0382218	-0.020962	
1.84615	0.220564	0.163497	0.091407	-0.0378638	0.0433852	-0.0219399	0.355734	0.277409	0.317002	-0.0425258	0.0430679	-0.0241425	
2	0.281022	0.210998	0.143883	-0.0448822	0.0503422	-0.0259432	0.430297	0.340182	0.36523	-0.0487126	0.0473649	-0.0279044	
2.15385	0.353901	0.269036	0.204382	-0.0528277	0.0578996	-0.0305779	0.517225	0.414397	0.421318	-0.0545774	0.0508757	-0.0323521	
2.30769	0.441203	0.339486	0.274258	-0.061678	0.0659002	-0.035959	0.617797	0.501543	0.487126	-0.060475	0.0531213	-0.0376087	
2.46154	0.545108	0.424445	0.355137	-0.0713098	0.074085	-0.0422205	0.733075	0.603019	0.564387	-0.0647283	0.0532677	-0.0437968	
2.61538	0.667934	0.52621	0.448905	-0.0815643	0.0821205	-0.0495211	0.863761	0.720024	0.654674	-0.0685725	0.0511757	-0.0511197	
2.76923	0.812064	0.647234	0.557669	-0.0921432	0.0895538	-0.0580454	1.01002	0.853401	0.759352	-0.0689355	0.0454348	-0.0597037	
2.92308	0.97985	0.790062	0.683726	-0.102688	0.0958586	-0.0680121	1.17129	1.00346	0.879483	-0.0681209	0.0365022	-0.0698752	
3.07692	1.17348	0.957222	0.829502	-0.112628	0.100403	-0.0796762	1.34603	1.16972	1.0157	-0.0610822	0.0225528	-0.0817674	
3.23077	1.39483	1.15108	0.997476	-0.12124	0.102542	-0.0933456	1.53155	1.35057	1.16805	-0.0508318	0.00521271	-0.0959502	
3.38462	1.64524	1.37366	1.19007	-0.127568	0.101546	-0.109384	1.72374	1.54293	1.33575	-0.031389	-0.0181804	-0.11256	
3.53846	1.92528	1.62634	1.4095	-0.130542	0.0966691	-0.128231	1.91679	1.74193	1.51695	-0.0072341	-0.0452562	-0.13247	
3.69231	2.2345	1.90964	1.6576	-0.129132	0.0872496	-0.150439	2.1031	1.94101	1.70835	0.0256281	-0.077203	-0.156257	
3.84615	2.57118	2.22296	1.93554	-0.122109	0.0730307	-0.176737	2.27349	2.13196	1.90488	0.0656552	-0.107636	-0.185655	
4	2.93207	2.56432	2.24355	-0.108783	0.0542781	-0.208057	2.41795	2.30554	2.09924	0.107713	-0.136139	-0.221544	
4.15385	3.31242	2.93034	2.58056	-0.0882079	0.0315495	-0.24545	2.52638	2.4523	2.28185	0.159557	-0.159265	-0.264632	
4.30769	3.70594	3.31623	2.94388	-0.0602106	0.0055154	-0.289931	2.58905	2.56383	2.4412	0.204897	-0.179334	-0.313551	
4.46154	4.10478	3.71599	3.32898	-0.021927	-0.0243609	-0.342052	2.59531	2.63247	2.56485	0.292477	-0.208872	-0.364085	
4.61538	4.49914	4.12238	3.72941	0.0312851	-0.0593651	-0.401404	2.53084	2.6498	2.64045	0.400712	-0.246831	-0.406819	
4.76923	4.87657	4.52651	4.13679	0.11029	-0.100208	-0.464824	2.37479	2.60277	2.65531	0.626244	-0.28196	-0.418383	
4.92308	5.22147	4.91662	4.54056	0.22435	-0.134608	-0.521495	2.10787	2.46711	2.59341	0.858001	-0.163977	-0.317121	
5.07692	5.51634	5.27605	4.92703	0.378439	-0.153894	-0.549436	1.724	2.2036	2.43018	1.14423	-0.0864675	-0.0440391	
5.23077	5.74457	5.58235	5.27805	0.548667	-0.168419	-0.521046	1.24157	1.77636	2.13222	1.0624	-0.101275	0.414267	
5.38462	5.89566	5.81066	5.57224	0.669632	-0.19568	-0.421986	0.722039	1.19021	1.69101	0.510696	-0.258771	0.871327	
5.53846	5.97251	5.94405	5.79359	0.597842	-0.203094	-0.252564	0.279184	0.543884	1.18712	-1.48409	0.175805	1.34898	
5.69231	5.99692	5.99298	5.94111	0.245218	-0.0980714	-0.0729319	0.0423979	0.0960558	0.733725	-3.03033	1.18811	0.949282	
5.84615	6	6	5.99996	0.000146456	-5.86994e-05	-4.35343e-05	2.79067e-06	1.75078e-05	0.0253625	-0.119095	0.0550393	0.0129285	
6	6	6	6	9.16469e-08	-1.13597e-07	-1.05053e-07	1.81925e-07	1.61674e-07	-2.37577e-07	-6.4527e-09	5.5092e-09	3.55736e-08	
