0	-1.35698e-08	-1.4158e-08	4.00169e-08	-1.02335e-08	1.5515e-08	-7.76314e-11	1.14526e-08	8.17962e-09	9.66842e-07	-6.82423e-10	1.07535e-09	-2.87754e-10	
0.26087	0.00144473	0.00119415	-0.0558023	-0.00928239	0.011222	-0.000787621	0.0118078	0.00975925	-0.399856	-0.0670446	0.0812551	-0.00610047	
0.521739	0.0108477	0.00901166	-0.129088	-0.0198259	0.0235426	-0.00291769	0.0609006	0.0506945	-0.163145	-0.0130669	0.0120435	-0.0101158	
0.782609	0.0354904	0.0296514	-0.148855	-0.0219611	0.0253569	-0.00581712	0.128105	0.107628	0.0105902	-0.00507498	0.00436694	-0.0121586	
1.04348	0.0783748	0.0659021	-0.130322	-0.0253387	0.0285982	-0.00928753	0.20076	0.170381	0.130773	-0.0203506	0.0195852	-0.014433	
1.30435	0.141682	0.119887	-0.0852557	-0.0308168	0.0343542	-0.0134318	0.284792	0.243675	0.21432	-0.0216046	0.0247924	-0.0173649	
1.56522	0.229347	0.195143	-0.0208008	-0.0388576	0.042877	-0.0185585	0.387577	0.33352	0.27968	-0.0403419	0.040601	-0.0219779	
1.82609	0.347043	0.296668	0.0605058	-0.0481839	0.0523997	-0.0249626	0.515091	0.445126	0.343719	-0.0306747	0.0320726	-0.0270732	
2.08696	0.501921	0.430809	0.160198	-0.060057	0.0639501	-0.0331611	0.672682	0.583615	0.420784	-0.0609219	0.0568968	-0.0359378	
2.34783	0.702435	0.605262	0.283249	-0.0731035	0.0753184	-0.0436284	0.865001	0.754231	0.522927	-0.0385254	0.0297554	-0.0441424	
2.6087	0.957975	0.82894	0.437549	-0.0877866	0.0866089	-0.0572106	1.09454	0.96103	0.660448	-0.0744353	0.0570621	-0.06029	
2.86957	1.27803	1.11148	0.633456	-0.101625	0.0940679	-0.0747368	1.35957	1.20553	0.841989	-0.0312751	-0.000167568	-0.0738434	
3.13043	1.6706	1.46207	0.883299	-0.112238	0.0957711	-0.0975778	1.65033	1.48257	1.07401	-0.0500065	0.0130235	-0.10154	
3.3913	2.1399	1.88743	1.20049	-0.116008	0.0880262	-0.127445	1.94764	1.77854	1.35835	0.021216	-0.07219	-0.127488	
3.65217	2.68365	2.38903	1.59787	-0.107244	0.0693197	-0.166976	2.22074	2.06665	1.6886	0.0459498	-0.0714932	-0.175589	
3.91304	3.291	2.96059	2.08467	-0.0866093	0.0419668	-0.219838	2.43482	2.31429	2.04376	0.11318	-0.138266	-0.229884	
4.17391	3.94037	3.58668	2.6626	-0.0447245	0.000135332	-0.288734	2.54217	2.48391	2.38688	0.206017	-0.182394	-0.29829	
4.43478	4.59376	4.24202	3.32163	0.0285641	-0.0648631	-0.374486	2.4639	2.5367	2.66554	0.364438	-0.319601	-0.354972	
4.69565	5.18779	4.88525	4.03449	0.184674	-0.145786	-0.458323	2.08554	2.38885	2.79891	0.825482	-0.277893	-0.300516	
4.95652	5.64268	5.44381	4.74583	0.421002	-0.173379	-0.475704	1.39555	1.88426	2.65188	0.997987	0.0363166	0.196018	
5.21739	5.90181	5.82028	5.36715	0.587223	-0.197214	-0.355332	0.59102	0.997506	2.10538	0.206399	-0.1916	0.726344	
5.47826	5.98903	5.97558	5.81464	0.321269	-0.122744	-0.130167	0.0923067	0.202029	1.32986	-2.17544	0.779146	0.972481	
5.73913	5.99998	5.99996	5.9997	0.000520549	-0.000199394	-0.000209857	-2.24122e-06	0.000100383	0.0741728	-0.196193	0.0952085	0.0279128	
6	6	6	6	2.40122e-07	-3.26876e-07	-1.9863e-07	3.75055e-07	3.19286e-07	-4.67672e-07	-1.59564e-08	1.98404e-08	6.86939e-08	
