0	-1.41399e-09	-1.52929e-09	9.93075e-10	-2.04581e-10	-4.5595e-10	-5.38508e-11	-1.99962e-10	2.82553e-10	8.186e-08	-1.93883e-11	-2.23674e-11	-4.11557e-11	
0.153846	8.39013e-05	0.00020376	-0.0236417	-0.0046232	0.0019027	-0.000372181	0.00113499	0.00275628	-0.2976	-0.0591253	0.0244386	-0.00487249	
0.307692	0.000676977	0.0016105	-0.0625941	-0.0114822	0.00494618	-0.00150793	0.00663075	0.0156565	-0.208855	-0.0289591	0.0146447	-0.00985941	
0.461538	0.00239991	0.00557926	-0.088429	-0.0140484	0.00649548	-0.00326787	0.0157955	0.0359837	-0.127079	-0.00538128	0.00589545	-0.0130119	
0.615385	0.00570946	0.0129089	-0.102274	-0.0155046	0.00785335	-0.00544356	0.0272493	0.059321	-0.0529824	-0.013413	0.0117319	-0.0152639	
0.769231	0.0109864	0.0240501	-0.105307	-0.0179068	0.00986447	-0.00792786	0.0413806	0.0855485	0.0134736	-0.0178451	0.0143769	-0.017029	
0.923077	0.018711	0.0395534	-0.0986503	-0.0211741	0.0123356	-0.0106854	0.0590757	0.116038	0.0730041	-0.0246479	0.0177804	-0.0188219	
1.07692	0.0294872	0.0601745	-0.0832701	-0.0252877	0.0152232	-0.0137385	0.081055	0.152089	0.126892	-0.028782	0.0197198	-0.0208694	
1.23077	0.0440249	0.0868604	-0.0599037	-0.0301188	0.018461	-0.0171413	0.107979	0.194886	0.176843	-0.0340606	0.0223998	-0.0233738	
1.38462	0.0631387	0.120736	-0.0290043	-0.0357301	0.0221211	-0.0209719	0.14055	0.245569	0.224839	-0.0388644	0.0251697	-0.0264275	
1.53846	0.0877626	0.163111	0.00929228	-0.0421518	0.0262494	-0.0253232	0.179615	0.305371	0.273022	-0.0446368	0.0285102	-0.0301465	
1.69231	0.118973	0.215488	0.0551835	-0.0494451	0.0309233	-0.0303064	0.226185	0.375614	0.323586	-0.0501663	0.0322495	-0.0346402	
1.84615	0.158015	0.27958	0.109203	-0.0575957	0.0361602	-0.0360488	0.281425	0.457673	0.378704	-0.0557958	0.0358294	-0.0400183	
2	0.20632	0.357308	0.172212	-0.0665398	0.0419707	-0.0427013	0.346623	0.552885	0.440467	-0.0604675	0.0397072	-0.0464737	
2.15385	0.265526	0.450786	0.245384	-0.0761304	0.0482935	-0.0504384	0.423142	0.662426	0.51083	-0.0642035	0.0424806	-0.0541159	
2.30769	0.337481	0.562285	0.330179	-0.0861363	0.0550536	-0.0594674	0.512358	0.787169	0.591565	-0.0658586	0.0453999	-0.0632733	
2.46154	0.424239	0.694176	0.428308	-0.0962423	0.0620948	-0.0700284	0.61559	0.927515	0.684194	-0.0655039	0.0461236	-0.0740287	
2.61538	0.528045	0.848839	0.541695	-0.106039	0.0692507	-0.0824071	0.733999	1.0832	0.789919	-0.0618286	0.0468971	-0.0869116	
2.76923	0.651305	1.02855	0.672414	-0.115019	0.0762723	-0.0969343	0.868481	1.2531	0.909517	-0.0548911	0.0443683	-0.101953	
2.92308	0.796525	1.23532	0.822618	-0.122596	0.0828901	-0.114002	1.01949	1.43496	1.04322	-0.0435858	0.0416522	-0.119946	
3.07692	0.966235	1.47071	0.994439	-0.128037	0.0887733	-0.134072	1.18685	1.62519	1.19054	-0.0271163	0.0348096	-0.140982	
3.23077	1.16286	1.73562	1.18987	-0.130571	0.0934783	-0.157693	1.36941	1.81863	1.35016	-0.00576888	0.0263403	-0.166125	
3.38462	1.38856	2.03001	1.41063	-0.129164	0.0965776	-0.185554	1.5647	2.00833	1.51968	0.0240824	0.0139035	-0.196098	
3.53846	1.64494	2.35263	1.65795	-0.122889	0.0973259	-0.218487	1.7683	2.18562	1.69553	0.0575663	-0.0041576	-0.232088	
3.69231	1.93278	2.70078	1.93243	-0.110496	0.0954808	-0.257619	1.97364	2.34021	1.87272	0.103511	-0.0199343	-0.27664	
3.84615	2.25166	3.07014	2.23377	-0.0913704	0.0906828	-0.304285	2.17185	2.46104	2.04464	0.14525	-0.0422021	-0.330219	
4	2.59976	3.45464	2.56051	-0.0648121	0.0850105	-0.360197	2.3534	2.53701	2.20289	0.199823	-0.031718	-0.396523	
4.15385	2.97388	3.84661	2.90976	-0.0314844	0.0810316	-0.426927	2.51016	2.55802	2.33726	0.233665	-0.0192207	-0.471487	
4.30769	3.36981	4.23689	3.277	0.00865533	0.0835352	-0.505866	2.6369	2.51489	2.43652	0.287935	0.0507149	-0.553996	
4.46154	3.78237	4.61503	3.65598	0.0561903	0.0905641	-0.597948	2.72633	2.40014	2.49002	0.330615	0.0417795	-0.643939	
4.61538	4.2048	4.96939	4.039	0.117082	0.106439	-0.703158	2.76516	2.20533	2.48888	0.46155	0.164987	-0.723518	
4.76923	4.62796	5.28593	4.41686	0.204376	0.14686	-0.815661	2.73595	1.908	2.42313	0.673421	0.362743	-0.739175	
4.92308	5.03788	5.54701	4.77829	0.337696	0.190614	-0.926859	2.59206	1.48353	2.2753	1.06495	0.191227	-0.693524	
5.07692	5.40859	5.73839	5.10912	0.505581	0.120579	-1.05231	2.2231	1.0035	2.02554	1.09463	-1.10575	-0.938325	
5.23077	5.7017	5.86466	5.39462	0.613593	-0.0704856	-1.1313	1.58472	0.639829	1.68657	0.346742	-1.33106	-0.0745499	
5.38462	5.88786	5.94371	5.62721	0.551921	-0.194104	-0.960405	0.836708	0.387383	1.33812	-1.1747	-0.311002	2.28086	
5.53846	5.97297	5.98535	5.81045	0.289903	-0.203673	-0.546442	0.276052	0.150716	1.04616	-2.21025	0.21782	3.10994	
5.69231	5.99697	5.9985	5.94436	0.056422	-0.0958426	-0.152896	0.0413126	0.0202489	0.694095	-0.790009	1.17085	1.96414	
5.84615	6	6	5.99997	3.34062e-05	-5.73368e-05	-9.10915e-05	8.10606e-06	9.01765e-06	0.0232308	0.0185135	0.0506569	0.0359472	
6	6	6	6	-6.2014e-08	-8.95006e-08	-6.87045e-08	1.02818e-07	-7.92942e-08	-4.81046e-08	2.89484e-09	4.40948e-09	2.19452e-08	
