0	-4.9471	-5.50355	-5.08378	1.14887e-08	-1.08668e-08	3.31252e-09	0.0876797	-0.179604	-0.183956	3.39575e-10	-4.27956e-10	2.12602e-09	
0.128205	-4.92991	-5.51572	-5.07241	-0.187755	0.106363	-0.0621503	0.187389	-0.0151464	0.366017	-3.00408	1.7018	-0.994405	
0.25641	-4.88105	-5.47715	-4.96885	-0.429293	0.191669	-0.188168	0.594346	0.632361	1.29088	-0.860521	-0.336896	-1.02188	
0.384615	-4.77529	-5.34953	-4.76755	-0.438023	0.130627	-0.29437	1.09785	1.40962	1.92988	0.720838	-0.639783	-0.677347	
0.512821	-4.61159	-5.13463	-4.49704	-0.364011	0.102085	-0.3711	1.52135	2.02865	2.39826	0.463361	0.183123	-0.550339	
0.641026	-4.39897	-4.85454	-4.17728	-0.291667	0.117804	-0.409989	1.88053	2.45284	2.71794	0.694138	0.0683733	-0.0718804	
0.769231	-4.14522	-4.53123	-3.82619	-0.210494	0.121218	-0.401885	2.17944	2.72019	2.8994	0.604628	-0.0137412	0.201545	
0.897436	-3.85885	-4.18155	-3.45949	-0.134287	0.10739	-0.368897	2.40249	2.87459	2.9679	0.614693	-0.207508	0.326269	
1.02564	-3.54926	-3.81759	-3.08953	-0.0632536	0.0807968	-0.328139	2.55091	2.94877	2.95142	0.521837	-0.217988	0.325856	
1.15385	-3.22504	-3.44816	-2.72533	-0.00414695	0.053873	-0.289779	2.63666	2.96222	2.87581	0.423868	-0.212793	0.287908	
1.28205	-2.89304	-3.07992	-2.3729	0.0419831	0.0287655	-0.256865	2.67529	2.92949	2.76304	0.314212	-0.188928	0.238706	
1.41026	-2.55839	-2.7179	-2.03577	0.0741605	0.00736642	-0.230041	2.67914	2.86297	2.63102	0.200628	-0.153457	0.190483	
1.53846	-2.22481	-2.36559	-1.71549	0.0934094	-0.00937156	-0.208919	2.65817	2.77397	2.49348	0.107354	-0.11435	0.147476	
1.66667	-1.89487	-2.02518	-1.41212	0.101429	-0.0204536	-0.192721	2.62088	2.67252	2.36047	0.0209585	-0.0629629	0.111689	
1.79487	-1.57012	-1.69768	-1.12464	0.100122	-0.0256487	-0.180708	2.5751	2.56743	2.23914	-0.0418668	-0.0201576	0.0805098	
1.92308	-1.25118	-1.38308	-0.851295	0.0916024	-0.0254865	-0.17233	2.52792	2.46626	2.13445	-0.0944486	0.0227527	0.0535515	
2.05128	-0.937849	-1.08048	-0.589784	0.0776445	-0.0209785	-0.167225	2.48541	2.37528	2.04973	-0.128878	0.0493745	0.0281138	
2.17949	-0.629242	-0.788309	-0.337483	0.059993	-0.013606	-0.165209	2.45229	2.2995	1.98708	-0.153546	0.0685857	0.0041421	
2.30769	-0.323983	-0.504423	-0.0915643	0.0400607	-0.00457839	-0.166162	2.43185	2.24267	1.94762	-0.165371	0.0758564	-0.0193884	
2.4359	-0.0203653	-0.226302	0.150893	0.0191956	0.00488725	-0.170053	2.42603	2.20727	1.9317	-0.168472	0.0755939	-0.0428605	
2.5641	0.283479	0.0488095	0.392806	-0.00146619	0.0137736	-0.176918	2.43548	2.19451	1.93891	-0.162116	0.0665883	-0.0669832	
2.69231	0.589419	0.323737	0.636993	-0.0208444	0.021114	-0.186888	2.45956	2.20433	1.96808	-0.147934	0.0508575	-0.0925302	
2.82051	0.899162	0.601219	0.886075	-0.0379969	0.0260991	-0.20021	2.49633	2.23538	2.01722	-0.126507	0.0289046	-0.120629	
2.94872	1.2141	0.883748	1.14236	-0.0520225	0.0280398	-0.217303	2.54263	2.28509	2.08328	-0.097901	0.0021458	-0.152858	
3.07692	1.53514	1.17342	1.40769	-0.0620633	0.0264045	-0.238803	2.5941	2.34968	2.16207	-0.0627529	-0.0283097	-0.191148	
3.20513	1.8626	1.47179	1.68333	-0.0671052	0.020863	-0.265585	2.64532	2.42415	2.24812	-0.0179177	-0.0603553	-0.237358	
3.33333	2.19604	1.77969	1.96975	-0.0657495	0.0108644	-0.298653	2.68964	2.50224	2.33465	0.0396097	-0.0996222	-0.291728	
3.46154	2.53404	2.0971	2.26653	-0.0557504	-0.00466864	-0.33893	2.71836	2.57638	2.41386	0.120376	-0.148906	-0.352699	
3.58974	2.87394	2.42296	2.57223	-0.033607	-0.0264993	-0.387022	2.72005	2.63742	2.47724	0.233918	-0.200384	-0.416778	
3.71795	3.21147	2.75494	2.8843	0.00554725	-0.0541763	-0.442888	2.68049	2.67426	2.51593	0.39255	-0.242448	-0.477077	
3.84615	3.54044	3.08919	3.19908	0.0674347	-0.0860867	-0.505286	2.583	2.67365	2.52056	0.597649	-0.26812	-0.521295	
3.97436	3.8526	3.42002	3.51165	0.156536	-0.114957	-0.570032	2.41156	2.61976	2.48061	0.82797	-0.1938	-0.514637	
4.10256	4.13822	3.73948	3.81569	0.27365	-0.126647	-0.62601	2.15828	2.49152	2.38392	1.04585	0.00676208	-0.381014	
4.23077	4.38721	4.03682	4.10317	0.410655	-0.120959	-0.656782	1.82556	2.26601	2.21578	1.14624	0.0842416	-0.111348	
4.35897	4.59045	4.29905	4.36418	0.550244	-0.112706	-0.644043	1.42637	1.92954	1.96042	1.08717	0.0478016	0.315183	
4.48718	4.7419	4.51249	4.5876	0.655248	-0.114136	-0.567632	0.9968	1.4855	1.61434	0.592886	-0.0706806	0.90739	
4.61538	4.84167	4.66602	4.7639	0.666873	-0.138869	-0.425884	0.599531	0.971044	1.2064	-0.406873	-0.325048	1.36058	
4.74359	4.89873	4.75763	4.88924	0.495467	-0.143583	-0.233456	0.313508	0.494717	0.799008	-2.33563	0.249619	1.71827	
4.87179	4.92962	4.8017	4.96617	0.174745	-0.0639911	-0.063032	0.180579	0.210447	0.431844	-2.79592	1.02386	1.00851	
5	4.95077	4.82448	4.98426	-2.24835e-09	4.96887e-09	4.52122e-09	0.157919	0.153987	-0.142361	1.45854e-10	-2.32365e-10	-2.28823e-09	
