0	-4.40641	-4.21332	-5.02504	-4.21204e-09	-5.95478e-09	3.04493e-09	-0.175675	-0.181461	-0.0255221	-1.8357e-10	-3.1323e-10	2.98843e-10	
0.128205	-4.42455	-4.22144	-5.01023	-0.309899	0.0596999	-0.135859	-0.114506	0.0515485	0.262418	-4.95838	0.955198	-2.17374	
0.25641	-4.41277	-4.16229	-4.9419	-0.643254	0.101981	-0.473085	0.302919	0.89485	0.831013	-0.375308	-0.278698	-3.22188	
0.384615	-4.32669	-4.0027	-4.81201	-0.512189	0.0806624	-0.829719	1.0744	1.65868	1.24714	2.47236	-0.0624021	-2.48426	
0.512821	-4.14843	-3.77387	-4.62698	-0.340986	0.0757609	-1.062	1.77774	2.00251	1.71334	0.266877	-0.0160212	-1.23218	
0.641026	-3.89268	-3.51505	-4.3872	-0.296137	0.0675615	-1.15508	2.31428	2.13864	2.12311	0.450707	-0.11517	-0.257074	
0.769231	-3.57702	-3.24392	-4.10284	-0.22701	0.0814765	-1.15771	2.73617	2.19945	2.4266	0.655328	0.337811	0.214946	
0.897436	-3.21564	-2.96937	-3.78636	-0.153818	0.107881	-1.1118	3.04596	2.19327	2.63715	0.515741	0.0846529	0.519647	
1.02564	-2.82175	-2.69792	-3.44844	-0.0862515	0.0941652	-1.04357	3.25624	2.14993	2.76955	0.565326	-0.304098	0.572007	
1.15385	-2.40793	-2.4317	-3.0977	-0.0220697	0.0471166	-0.977441	3.3649	2.10958	2.84235	0.461582	-0.448681	0.486015	
1.28205	-1.98679	-2.16936	-2.74079	0.0311868	-0.0112078	-0.921566	3.37334	2.08798	2.86811	0.390521	-0.484509	0.407985	
1.41026	-1.56997	-1.90849	-2.3831	0.070773	-0.0658692	-0.871621	3.29575	2.08585	2.85498	0.242859	-0.390074	0.39115	
1.53846	-1.16671	-1.6471	-2.02891	0.0926279	-0.103085	-0.820222	3.15652	2.09638	2.81209	0.106818	-0.205378	0.431227	
1.66667	-0.782958	-1.38407	-1.68125	0.0979706	-0.124	-0.763629	2.98348	2.11219	2.75048	-0.0213347	-0.129263	0.474252	
1.79487	-0.421812	-1.11866	-1.34187	0.0898828	-0.142651	-0.703299	2.79485	2.13435	2.67959	-0.108069	-0.169148	0.491028	
1.92308	-0.0846487	-0.849774	-1.01154	0.0733892	-0.156167	-0.641537	2.59977	2.16781	2.60561	-0.155828	-0.0471108	0.497177	
2.05128	0.228497	-0.576136	-0.690347	0.0526079	-0.152245	-0.580691	2.41056	2.2104	2.53355	-0.176673	0.109864	0.476357	
2.17949	0.51926	-0.296904	-0.377737	0.0303447	-0.135861	-0.524146	2.24166	2.25732	2.46821	-0.179538	0.152278	0.428361	
2.30769	0.790642	-0.0115545	-0.0726452	0.00838858	-0.116139	-0.474152	2.10044	2.30827	2.41327	-0.171759	0.163267	0.371544	
2.4359	1.04618	0.280534	0.226374	-0.0117958	-0.0956676	-0.431275	1.98815	2.36514	2.37104	-0.151191	0.164279	0.314483	
2.5641	1.28943	0.58016	0.520976	-0.0289443	-0.0755921	-0.395329	1.90382	2.42887	2.34259	-0.123185	0.15693	0.260647	
2.69231	1.52375	0.888137	0.812875	-0.0421282	-0.0567581	-0.365874	1.84532	2.49877	2.32781	-0.0877569	0.144415	0.210634	
2.82051	1.75217	1.2051	1.1037	-0.050565	-0.0399089	-0.342479	1.8095	2.5726	2.32541	-0.0472322	0.125171	0.163689	
2.94872	1.97729	1.53131	1.39485	-0.053744	-0.0256084	-0.324869	1.7924	2.64673	2.33294	-0.00363076	0.103636	0.118082	
3.07692	2.20114	1.86651	1.68734	-0.0513922	-0.014728	-0.312952	1.78911	2.71655	2.3469	0.0412595	0.0704507	0.0725863	
3.20513	2.42503	2.20988	1.98169	-0.0436333	-0.00893899	-0.30682	1.79313	2.77729	2.36278	0.0828829	0.0221736	0.0255236	
3.33333	2.64941	2.56	2.27783	-0.0310692	-0.00830841	-0.306818	1.79692	2.82465	2.37537	0.118143	-0.0120843	-0.0254899	
3.46154	2.8739	2.91496	2.57497	-0.0145546	-0.00953604	-0.313331	1.79504	2.85472	2.37899	0.14609	-0.0075577	-0.0787181	
3.58974	3.09768	3.27237	2.87166	0.00514949	-0.010398	-0.326184	1.78533	2.86395	2.36797	0.169175	-0.00623313	-0.126937	
3.71795	3.31959	3.62945	3.16574	0.0291836	-0.0132248	-0.344324	1.76524	2.84921	2.33727	0.215371	-0.0389969	-0.163306	
3.84615	3.5379	3.98294	3.45451	0.0610155	-0.0216151	-0.365856	1.72771	2.80671	2.28305	0.293939	-0.0952477	-0.1812	
3.97436	3.74958	4.32894	3.73486	0.108297	-0.0396488	-0.388196	1.65925	2.72919	2.20264	0.462571	-0.193291	-0.176237	
4.10256	3.94982	4.66211	4.00334	0.17954	-0.0612508	-0.406291	1.54458	2.6016	2.09294	0.677302	-0.15234	-0.113294	
4.23077	4.13229	4.97461	4.25583	0.281255	-0.0771612	-0.411837	1.37485	2.39834	1.94696	0.950141	-0.102226	0.0245597	
4.35897	4.28993	5.25511	4.48684	0.41264	-0.0930516	-0.396513	1.1474	2.08969	1.74922	1.15203	-0.15202	0.220626	
4.48718	4.41618	5.48938	4.68866	0.548421	-0.112603	-0.349479	0.872694	1.65867	1.4799	1.02045	-0.160805	0.531923	
4.61538	4.5071	5.66304	4.85252	0.635019	-0.140779	-0.268531	0.581931	1.11985	1.14184	0.365114	-0.290001	0.763239	
4.74359	4.56437	5.76856	4.9744	0.525144	-0.141599	-0.152103	0.334485	0.568491	0.808309	-2.12311	0.276867	1.09961	
4.87179	4.59776	5.81726	5.05966	0.196225	-0.0621477	-0.0416889	0.199691	0.210659	0.555801	-3.1396	0.994362	0.667023	
5	4.62118	5.83905	5.09893	-1.56534e-09	-1.41757e-09	-5.81009e-10	0.175078	0.137994	0.0724925	8.18397e-11	7.81964e-11	4.08188e-11	
