0	-5.78173	-4.88862	-4.08173	3.51575e-09	-8.02105e-09	3.44449e-09	-0.0742989	0.0239212	-0.0587377	1.53893e-10	-3.49755e-10	1.64319e-09	
0.128205	-5.78522	-4.87521	-4.0663	-0.215129	0.103782	-0.118801	0.0183733	0.190692	0.305533	-3.44207	1.66052	-1.90081	
0.25641	-5.75494	-4.8113	-3.98275	-0.497259	0.172962	-0.390419	0.466144	0.831869	1.03131	-1.072	-0.553642	-2.44508	
0.384615	-5.65272	-4.66321	-3.82288	-0.515638	0.113526	-0.672978	1.16935	1.53763	1.52664	0.777933	-0.397333	-2.07585	
0.512821	-5.4618	-4.44174	-3.60848	-0.441	0.109852	-0.886843	1.88541	2.00589	1.90366	0.416273	0.338544	-1.34599	
0.641026	-5.18736	-4.17599	-3.35366	-0.364444	0.123018	-0.983563	2.50565	2.24601	2.17345	0.808623	-0.127896	-0.201531	
0.769231	-4.84487	-3.88771	-3.07155	-0.264616	0.107108	-0.976102	2.97422	2.36651	2.34033	0.788621	-0.126664	0.320916	
0.897436	-4.45392	-3.58778	-2.77394	-0.166666	0.0836578	-0.92227	3.28093	2.43235	2.42145	0.778584	-0.248532	0.540395	
1.02564	-4.03305	-3.28181	-2.47059	-0.0788029	0.0528832	-0.853839	3.45294	2.46322	2.43208	0.627221	-0.243863	0.554502	
1.15385	-3.59716	-2.97353	-2.16922	-0.0126639	0.018405	-0.787399	3.5214	2.4693	2.38992	0.431004	-0.307789	0.508531	
1.28205	-3.15753	-2.66533	-1.87525	0.0325552	-0.0205503	-0.72717	3.51265	2.46184	2.31363	0.292501	-0.315496	0.45513	
1.41026	-2.72265	-2.35847	-1.59193	0.0626392	-0.0544579	-0.672156	3.4454	2.44791	2.21942	0.188843	-0.227026	0.425097	
1.53846	-2.29879	-2.0538	-1.32077	0.0832908	-0.077477	-0.619822	3.33635	2.42682	2.11919	0.141582	-0.141279	0.412246	
1.66667	-1.89014	-1.75251	-1.06203	0.0973709	-0.0865521	-0.568603	3.20216	2.3938	2.02061	0.0836991	-0.00392273	0.407258	
1.79487	-1.49869	-1.45635	-0.815194	0.103907	-0.0813922	-0.518834	3.06098	2.34481	1.92878	0.0208858	0.086481	0.389046	
1.92308	-1.12434	-1.16719	-0.579148	0.101614	-0.0691014	-0.472613	2.92868	2.28169	1.84795	-0.0575776	0.110173	0.350493	
2.05128	-0.765372	-0.886303	-0.352302	0.0904683	-0.0553353	-0.43195	2.81475	2.21257	1.78159	-0.120757	0.110084	0.300107	
2.17949	-0.419235	-0.613803	-0.132686	0.0728282	-0.0419638	-0.397803	2.72345	2.14742	1.73226	-0.161483	0.10386	0.246247	
2.30769	-0.0830401	-0.348689	0.0819184	0.0516689	-0.0299129	-0.370327	2.65566	2.0944	1.70141	-0.177066	0.0889534	0.193375	
2.4359	0.24608	-0.0891195	0.293853	0.0296123	-0.019369	-0.349244	2.61026	2.05871	1.68955	-0.17584	0.079749	0.143948	
2.5641	0.5708	0.167215	0.50548	0.00851546	-0.0101045	-0.33419	2.58526	2.04264	1.69648	-0.16171	0.0684834	0.0969223	
2.69231	0.893518	0.422766	0.719083	-0.010237	-0.00234604	-0.32496	2.57824	2.04618	1.72117	-0.138329	0.0556517	0.0507581	
2.82051	1.2163	0.679871	0.936765	-0.0256694	0.00361652	-0.321571	2.58622	2.06749	1.76174	-0.10859	0.0397492	0.00345713	
2.94872	1.54079	0.940548	1.16033	-0.0370448	0.00738733	-0.324304	2.60564	2.10333	1.81533	-0.0734157	0.0205838	-0.0471736	
3.07692	1.86816	1.20634	1.39117	-0.0438444	0.00876958	-0.333714	2.63235	2.14933	1.87806	-0.0353791	0.00153226	-0.103393	
3.20513	2.19902	1.4782	1.63012	-0.0454946	0.00690312	-0.350559	2.66129	2.20039	1.9451	0.00897673	-0.0313957	-0.16613	
3.33333	2.5332	1.75642	1.87736	-0.0413067	0.000351482	-0.375697	2.6856	2.25118	2.01087	0.0580295	-0.0734305	-0.236078	
3.46154	2.86961	2.04061	2.13238	-0.0298564	-0.0106301	-0.409975	2.69701	2.29595	2.06933	0.125175	-0.102275	-0.312364	
3.58974	3.20609	2.32961	2.39386	-0.00905965	-0.025157	-0.45377	2.68671	2.32795	2.11438	0.207573	-0.130155	-0.388352	
3.71795	3.53923	2.62133	2.65977	0.0244697	-0.044608	-0.506383	2.64349	2.33956	2.14018	0.328897	-0.181061	-0.453469	
3.84615	3.86398	2.91273	2.92734	0.0744041	-0.0689589	-0.565317	2.55247	2.32289	2.14102	0.470053	-0.208552	-0.48947	
3.97436	4.17344	3.19965	3.19308	0.144047	-0.091699	-0.624312	2.399	2.26786	2.1107	0.644235	-0.155289	-0.454449	
4.10256	4.45928	3.4763	3.45263	0.234462	-0.103266	-0.670422	2.17433	2.15842	2.04208	0.802401	-0.0297757	-0.283309	
4.23077	4.71258	3.7345	3.70064	0.340416	-0.101698	-0.684147	1.87856	1.97284	1.92617	0.892869	0.0548502	0.0637062	
4.35897	4.92499	3.96352	3.93049	0.452965	-0.103079	-0.647929	1.52001	1.69143	1.75145	0.907913	-0.0769422	0.51578	
4.48718	5.0899	4.15117	4.1344	0.544854	-0.130277	-0.555732	1.11853	1.311	1.51111	0.562317	-0.358225	0.959379	
4.61538	5.20417	4.28635	4.30498	0.581586	-0.183763	-0.413917	0.709746	0.851988	1.2181	0.0253907	-0.497552	1.30965	
4.74359	5.27168	4.36379	4.43892	0.46548	-0.188817	-0.226168	0.370346	0.386997	0.924999	-1.88309	0.416688	1.69434	
4.87179	5.30678	4.39304	4.53934	0.173894	-0.081387	-0.0601358	0.191266	0.0810526	0.681617	-2.7823	1.30219	0.962174	
5	5.32868	4.39919	4.5943	-6.55225e-10	1.28723e-09	9.40376e-10	0.159103	0.0172205	0.197813	4.75098e-11	-6.14445e-11	-5.20203e-10	
