0	-4.74841	-4.1844	-4.84606	-7.00551e-06	8.26788e-06	-2.16152e-06	0.0159115	-0.135999	-0.190085	-3.12764e-07	3.70147e-07	-8.36438e-07	
0.128205	-4.74072	-4.19341	-4.83687	-0.147277	0.100771	-0.0422449	0.107059	-0.00837072	0.337041	-2.35628	1.61215	-0.67585	
0.25641	-4.70419	-4.16247	-4.73715	-0.341248	0.2	-0.12775	0.477282	0.503438	1.25845	-0.747313	-0.0244508	-0.692205	
0.384615	-4.61495	-4.06043	-4.53945	-0.356934	0.185106	-0.199211	0.95049	1.12915	1.90462	0.496308	-0.213849	-0.451157	
0.512821	-4.46933	-3.88811	-4.27347	-0.301288	0.179931	-0.244213	1.37937	1.62791	2.35088	0.394046	0.131068	-0.268879	
0.641026	-4.2737	-3.66317	-3.96217	-0.240221	0.180596	-0.258722	1.75072	1.97098	2.62981	0.583048	-0.120431	0.0367364	
0.769231	-4.0358	-3.403	-3.62482	-0.17253	0.167533	-0.247342	2.05557	2.19168	2.7678	0.500042	-0.0885785	0.145336	
0.897436	-3.76432	-3.12093	-3.27706	-0.109959	0.141879	-0.225311	2.28808	2.32142	2.79625	0.501135	-0.321895	0.207164	
1.02564	-3.4683	-2.82673	-2.93065	-0.0530273	0.0999583	-0.200467	2.44821	2.3858	2.74614	0.409789	-0.34885	0.190348	
1.15385	-3.15645	-2.52746	-2.59376	-0.00701475	0.0568031	-0.178612	2.54131	2.40242	2.6441	0.326426	-0.341649	0.159322	
1.28205	-2.8364	-2.22828	-2.27156	0.0276185	0.0175461	-0.160572	2.57948	2.38445	2.51096	0.227712	-0.286476	0.129328	
1.41026	-2.51424	-1.93283	-1.96695	0.0501889	-0.0136763	-0.145906	2.57513	2.34266	2.36288	0.133415	-0.213092	0.105336	
1.53846	-2.19452	-1.6435	-1.68101	0.0618634	-0.0359221	-0.133961	2.5403	2.28664	2.21202	0.0533724	-0.142845	0.0857864	
1.66667	-1.88039	-1.36152	-1.41356	0.0641114	-0.049275	-0.124262	2.4858	2.22488	2.06716	-0.0174125	-0.0708025	0.0693979	
1.79487	-1.57369	-1.08716	-1.16346	0.0586875	-0.0546767	-0.11656	2.42124	2.16488	1.93441	-0.0693801	-0.0156218	0.0538296	
1.92308	-1.27519	-0.819788	-0.928938	0.0473755	-0.053571	-0.110754	2.35482	2.11309	1.8179	-0.111623	0.0333186	0.0390678	
2.05128	-0.984679	-0.558042	-0.707801	0.031724	-0.0473847	-0.106794	2.29328	2.07483	1.72026	-0.138812	0.0656695	0.0242876	
2.17949	-0.701226	-0.299971	-0.497589	0.0132009	-0.037658	-0.104666	2.24194	2.05429	1.64313	-0.157569	0.0899674	0.00976418	
2.30769	-0.423312	-0.0431675	-0.295678	-0.00698695	-0.025693	-0.104349	2.20467	2.05454	1.58742	-0.165447	0.101483	-0.00468555	
2.4359	-0.149017	0.215087	-0.0993662	-0.0276812	-0.0127693	-0.105835	2.18403	2.07751	1.55355	-0.165672	0.105306	-0.0190954	
2.5641	0.123817	0.47768	0.0940734	-0.047895	5.30776e-05	-0.109129	2.18128	2.12397	1.54147	-0.157761	0.0998627	-0.0335983	
2.69231	0.397425	0.747526	0.287337	-0.0666212	0.011753	-0.114257	2.19642	2.19354	1.55073	-0.14187	0.0873466	-0.0484543	
2.82051	0.673966	1.02741	0.483032	-0.0829628	0.0214822	-0.121284	2.22821	2.28456	1.58038	-0.11961	0.0683296	-0.063985	
2.94872	0.955362	1.31982	0.68361	-0.0959131	0.0284029	-0.130313	2.27411	2.39401	1.62885	-0.0876089	0.0424109	-0.0804757	
3.07692	1.24314	1.62679	0.891277	-0.104531	0.031819	-0.141503	2.33024	2.51745	1.6938	-0.0502913	0.0122549	-0.0985666	
3.20513	1.53823	1.94968	1.10789	-0.107551	0.0309414	-0.155052	2.39126	2.64878	1.77192	0.00195805	-0.0262898	-0.118216	
3.33333	1.84082	2.28899	1.33481	-0.10356	0.0250663	-0.17121	2.45016	2.78014	1.85884	0.0618797	-0.0677081	-0.140301	
3.46154	2.15008	2.6441	1.5728	-0.0902677	0.0131633	-0.190223	2.49792	2.90154	1.94904	0.150793	-0.122741	-0.16391	
3.58974	2.46389	3.01297	1.82187	-0.0646432	-0.00571126	-0.21236	2.52309	3.00042	2.03597	0.259198	-0.179259	-0.190288	
3.71795	2.77854	3.39183	2.08111	-0.0222451	-0.0328669	-0.237941	2.51124	3.06122	2.11193	0.419183	-0.255243	-0.219003	
3.84615	3.08831	3.77472	2.34859	0.0422179	-0.0685866	-0.267388	2.44502	3.06507	2.1676	0.612249	-0.316286	-0.252145	
3.97436	3.38525	4.15322	2.62098	0.133218	-0.111118	-0.301048	2.30605	2.99075	2.19065	0.843781	-0.364234	-0.286414	
4.10256	3.6594	4.51612	2.89319	0.253492	-0.153271	-0.336902	2.08017	2.81569	2.16458	1.08066	-0.31022	-0.287241	
4.23077	3.89994	4.8495	3.15787	0.395899	-0.180086	-0.365042	1.76849	2.51832	2.07032	1.19789	-0.118835	-0.16299	
4.35897	4.09742	5.13701	3.40543	0.547507	-0.18874	-0.370081	1.3912	2.08173	1.89052	1.22787	-0.0196376	0.0823715	
4.48718	4.24597	5.36153	3.6249	0.66617	-0.189473	-0.336057	0.985529	1.51048	1.62107	0.670736	0.00792523	0.462001	
4.61538	4.34489	5.50918	3.80671	0.704475	-0.2	-0.264792	0.597136	0.851914	1.28771	-0.0578836	-0.176364	0.678232	
4.74359	4.40037	5.57745	3.9465	0.559444	-0.184601	-0.154164	0.290459	0.240366	0.948956	-2.26266	0.422807	1.0918	
4.87179	4.42721	5.58588	4.04351	0.209018	-0.0790908	-0.0429648	0.138928	-0.105498	0.603124	-3.34419	1.26537	0.68734	
5	4.44299	5.56876	4.08013	4.1055e-06	-3.47037e-06	-3.02513e-06	0.113592	-0.168569	-0.0173162	-2.91997e-07	1.86772e-07	9.31693e-07	
