0	-5.20188	-5.55839	-5.52196	-3.71534e-09	3.49045e-09	-4.11767e-10	-0.107759	0.0947413	-0.160173	-1.95075e-10	1.75158e-10	-1.01853e-10	
0.128205	-5.21192	-5.542	-5.54001	-0.116197	0.0862882	-0.0134845	-0.0529609	0.167608	-0.128501	-1.85916	1.38061	-0.215753	
0.25641	-5.20325	-5.50097	-5.53047	-0.275478	0.2	-0.0414753	0.191732	0.488877	0.281087	-0.689339	0.438778	-0.2321	
0.384615	-5.15796	-5.41262	-5.47345	-0.272227	0.2	-0.0558826	0.532871	0.9246	0.631142	0.741354	-0.438778	0.00158467	
0.512821	-5.07166	-5.27359	-5.37325	-0.211641	0.168752	-0.0626216	0.847932	1.30001	0.972111	0.228021	-0.0611944	-0.10941	
0.641026	-4.94777	-5.09154	-5.23115	-0.203	0.167104	-0.0773507	1.13422	1.61265	1.30156	-0.0897512	0.0348301	-0.126254	
0.769231	-4.78842	-4.87139	-5.04952	-0.203732	0.163695	-0.0911493	1.41548	1.90974	1.60447	0.0780316	-0.0893758	-0.0945242	
0.897436	-4.59474	-4.61525	-4.83155	-0.18941	0.152269	-0.102558	1.68344	2.1886	1.8831	0.151123	-0.0934353	-0.0880217	
1.02564	-4.3688	-4.3261	-4.58005	-0.172535	0.141799	-0.113461	1.93152	2.43779	2.14079	0.118883	-0.0740892	-0.0864173	
1.15385	-4.11301	-4.00759	-4.29769	-0.157904	0.132529	-0.124028	2.16114	2.65832	2.37707	0.115213	-0.0742214	-0.0826627	
1.28205	-3.8296	-3.66315	-3.98716	-0.142885	0.123465	-0.134343	2.37336	2.8527	2.59141	0.125081	-0.0708142	-0.0823722	
1.41026	-3.52075	-3.29604	-3.6512	-0.12675	0.114625	-0.144825	2.56837	3.02102	2.78391	0.133082	-0.070626	-0.0853336	
1.53846	-3.18859	-2.90955	-3.29253	-0.109633	0.105702	-0.155928	2.74616	3.1629	2.95476	0.140786	-0.0721406	-0.0923258	
1.66667	-2.83529	-2.50698	-2.91385	-0.0917169	0.0967491	-0.168199	2.9066	3.2782	3.10415	0.145876	-0.0711035	-0.103999	
1.79487	-2.46302	-2.09166	-2.51783	-0.0731558	0.0879189	-0.18219	3.04967	3.367	3.23225	0.151101	-0.0701793	-0.119867	
1.92308	-2.07395	-1.66688	-2.10711	-0.0538886	0.0792559	-0.198407	3.17546	3.42944	3.33924	0.157174	-0.0684284	-0.139596	
2.05128	-1.67024	-1.23594	-1.68433	-0.0338588	0.0709174	-0.217292	3.28398	3.4656	3.4253	0.163303	-0.0649875	-0.162576	
2.17949	-1.25403	-0.802118	-1.25208	-0.0130564	0.0631121	-0.239199	3.37529	3.47556	3.49065	0.169536	-0.0598979	-0.187933	
2.30769	-0.827487	-0.368679	-0.812945	0.00852714	0.0560961	-0.264359	3.44947	3.45946	3.53549	0.1758	-0.0523584	-0.214629	
2.4359	-0.392727	0.0611217	-0.369476	0.0309981	0.050293	-0.292858	3.50669	3.41734	3.56001	0.183735	-0.0404913	-0.241354	
2.5641	0.0481449	0.484014	0.0757999	0.0547314	0.0462382	-0.3246	3.54726	3.34893	3.5644	0.195997	-0.0243857	-0.266507	
2.69231	0.49304	0.896681	0.520376	0.0799075	0.0434778	-0.359343	3.57106	3.25374	3.54881	0.206821	-0.0197809	-0.289392	
2.82051	0.939725	1.29584	0.961764	0.105232	0.0390265	-0.396893	3.57589	3.13276	3.51341	0.198365	-0.0514392	-0.311397	
2.94872	1.3855	1.67858	1.3975	0.128102	0.0287577	-0.437082	3.55658	2.9911	3.4584	0.167566	-0.112862	-0.33163	
3.07692	1.82696	2.04287	1.82515	0.147532	0.0115415	-0.47922	3.50672	2.83753	3.38393	0.143308	-0.162598	-0.342583	
3.20513	2.26	2.38772	2.24228	0.165757	-0.00962828	-0.521672	3.42185	2.68007	3.29021	0.148289	-0.176118	-0.33664	
3.33333	2.68014	2.71287	2.64651	0.18574	-0.0310243	-0.562189	3.30045	2.52231	3.17746	0.171442	-0.166219	-0.311646	
3.46154	3.08285	3.01826	3.03546	0.208583	-0.0510398	-0.598385	3.14289	2.36395	3.04573	0.19405	-0.154029	-0.267481	
3.58974	3.46365	3.30372	3.40675	0.233943	-0.0705468	-0.627913	2.94988	2.20339	2.89499	0.211709	-0.158083	-0.204973	
3.71795	3.81807	3.56891	3.75801	0.261194	-0.0927296	-0.648685	2.72085	2.03975	2.72506	0.224302	-0.196843	-0.127371	
3.84615	4.14145	3.81352	4.08679	0.288947	-0.121805	-0.658813	2.45328	1.87405	2.53549	0.219743	-0.268369	-0.0346806	
3.97436	4.42884	4.03744	4.39062	0.31415	-0.157868	-0.655129	2.14497	1.7086	2.3258	0.183504	-0.308636	0.0936176	
4.10256	4.67558	4.24055	4.66708	0.331773	-0.186794	-0.629332	1.80279	1.54116	2.09757	0.098478	-0.154178	0.319138	
4.23077	4.87868	4.42203	4.91419	0.337174	-0.198712	-0.574256	1.4469	1.36251	1.85622	-0.0120761	-0.0365089	0.562085	
4.35897	5.03788	4.57985	5.13064	0.334737	-0.2	-0.489772	1.10025	1.1627	1.60693	-0.0269125	0.015899	0.789651	
4.48718	5.15546	4.71055	5.31538	0.340706	-0.190065	-0.377106	0.781084	0.928478	1.34896	0.122427	0.143053	1.01301	
4.61538	5.23514	4.80961	5.46699	0.346588	-0.2	-0.25558	0.49371	0.656377	1.07676	-0.0283288	-0.302006	0.931402	
4.74359	5.28138	4.8752	5.58401	0.268606	-0.2	-0.136099	0.246194	0.393182	0.795552	-1.21937	0.302006	0.980289	
4.87179	5.30262	4.91416	5.6657	0.0961977	-0.0905623	-0.0374154	0.0936326	0.230141	0.511534	-1.53916	1.449	0.598647	
5	5.31232	4.94088	5.69629	1.87739e-09	-3.51515e-09	-2.00021e-09	0.0616347	0.197365	-0.0222064	-1.31003e-10	1.96475e-10	7.09981e-10	
