0	-4.97065	-4.63524	-4.70399	-3.07767e-07	2.83482e-07	-6.48402e-08	0.182964	-0.196991	-0.125098	-1.49789e-08	1.3681e-08	-2.48407e-08	
0.128205	-4.94302	-4.65127	-4.70159	-0.182605	0.0972079	-0.0349335	0.259066	-0.0594377	0.163525	-2.92167	1.55532	-0.558934	
0.25641	-4.8905	-4.62343	-4.63979	-0.412072	0.2	-0.102459	0.581203	0.504757	0.825287	-0.749814	0.089355	-0.521472	
0.384615	-4.79128	-4.51656	-4.50609	-0.39765	0.183663	-0.151444	1.00639	1.20522	1.314	0.980571	-0.350751	-0.262282	
0.512821	-4.64115	-4.33108	-4.31605	-0.309488	0.167873	-0.183126	1.39566	1.76249	1.72655	0.430017	0.098124	-0.244633	
0.641026	-4.44526	-4.08584	-4.0792	-0.251494	0.163459	-0.197491	1.73859	2.16129	2.06309	0.497885	-0.168758	0.0147845	
0.769231	-4.20998	-3.79767	-3.80573	-0.193815	0.141353	-0.189093	2.02595	2.44947	2.31246	0.424993	-0.184938	0.119592	
0.897436	-3.94301	-3.47888	-3.50613	-0.141188	0.115169	-0.171638	2.24559	2.65115	2.48111	0.417043	-0.234002	0.159686	
1.02564	-3.6525	-3.13929	-3.18986	-0.0904115	0.0861106	-0.152289	2.40254	2.78239	2.57922	0.395375	-0.230936	0.149896	
1.15385	-3.34569	-2.78698	-2.86494	-0.0451133	0.0596327	-0.135215	2.50638	2.85443	2.61941	0.329397	-0.192711	0.123294	
1.28205	-3.02845	-2.42869	-2.53779	-0.00669075	0.0375767	-0.121444	2.56938	2.87826	2.61494	0.285365	-0.160186	0.0970294	
1.41026	-2.70516	-2.06984	-2.21319	0.024877	0.0218063	-0.110701	2.60324	2.86341	2.57873	0.219719	-0.09214	0.0748726	
1.53846	-2.37877	-1.71474	-1.89437	0.0492074	0.0134219	-0.102493	2.61911	2.8181	2.52238	0.169568	-0.0420094	0.0564508	
1.66667	-2.05092	-1.36673	-1.58324	0.0662024	0.0108914	-0.0964868	2.62649	2.75004	2.45572	0.102353	0.00152083	0.0396453	
1.79487	-1.72226	-1.02813	-1.28058	0.0745675	0.0122068	-0.0926405	2.63209	2.66754	2.38683	0.0314886	0.0195263	0.0218952	
1.92308	-1.39275	-0.700154	-0.986257	0.0737422	0.0151192	-0.0910244	2.63998	2.58013	2.32235	-0.0446943	0.0270732	0.00396223	
2.05128	-1.06199	-0.382784	-0.699384	0.0641151	0.0183523	-0.0916277	2.65213	2.49779	2.26761	-0.10934	0.0246566	-0.0136143	
2.17949	-0.729413	-0.0748215	-0.418503	0.0476498	0.0209652	-0.0943626	2.66917	2.4296	2.22649	-0.154106	0.01715	-0.0301438	
2.30769	-0.394413	0.225923	-0.141765	0.0271942	0.0225276	-0.0990983	2.69083	2.38231	2.20132	-0.173184	0.00784745	-0.0456282	
2.4359	-0.056462	0.522285	0.132904	0.00579717	0.0230286	-0.105742	2.71639	2.35948	2.19338	-0.169169	0.000169389	-0.0606722	
2.5641	0.284874	0.817349	0.407685	-0.0142135	0.0226059	-0.114299	2.74499	2.36155	2.20313	-0.151003	-0.00693305	-0.0762426	
2.69231	0.62991	1.11411	0.68476	-0.0314072	0.0210734	-0.124883	2.77558	2.38668	2.23006	-0.124097	-0.0175862	-0.0931041	
2.82051	0.978786	1.41524	0.966172	-0.0447264	0.0179198	-0.137693	2.80644	2.43135	2.27254	-0.0890107	-0.0328715	-0.111853	
2.94872	1.33137	1.72287	1.25369	-0.0532569	0.0125943	-0.153007	2.83488	2.49069	2.32773	-0.047478	-0.0523364	-0.133163	
3.07692	1.68713	2.03846	1.54865	-0.0562799	0.00466314	-0.171196	2.85728	2.5587	2.3916	-0.000890659	-0.0745614	-0.157869	
3.20513	2.04504	2.36266	1.8518	-0.0533013	-0.00609975	-0.192742	2.86921	2.62864	2.45889	0.0485488	-0.0976448	-0.18687	
3.33333	2.40347	2.69531	2.16318	-0.0441294	-0.0197466	-0.218222	2.86572	2.69365	2.52324	0.0982003	-0.120705	-0.22081	
3.46154	2.76017	3.03535	2.48198	-0.0282593	-0.0363335	-0.248259	2.8415	2.74708	2.57745	0.155722	-0.144685	-0.259773	
3.58974	3.11218	3.38095	2.80644	-0.00468121	-0.0559943	-0.283426	2.79068	2.78249	2.61398	0.221526	-0.169888	-0.302893	
3.71795	3.45572	3.7294	3.13391	0.0299219	-0.0793944	-0.324095	2.70592	2.79265	2.62552	0.332124	-0.204515	-0.347815	
3.84615	3.78592	4.07694	3.46084	0.0805621	-0.106749	-0.37007	2.57728	2.76796	2.60529	0.478119	-0.233151	-0.387784	
3.97436	4.09649	4.41834	3.78281	0.154833	-0.136802	-0.419701	2.39192	2.69456	2.54634	0.710222	-0.247712	-0.406313	
4.10256	4.3796	4.74627	4.09442	0.258946	-0.162207	-0.46686	2.13771	2.55225	2.43941	0.955578	-0.158757	-0.348235	
4.23077	4.62627	5.05048	4.38874	0.39361	-0.176818	-0.499413	1.80909	2.31507	2.26969	1.19906	-0.0750206	-0.172611	
4.35897	4.82756	5.31754	4.6565	0.55087	-0.184792	-0.501284	1.41147	1.95784	2.01443	1.3171	-0.0525728	0.142674	
4.48718	4.97673	5.53183	4.88594	0.691766	-0.189324	-0.451244	0.975335	1.4709	1.65655	0.937226	-0.0199266	0.657961	
4.61538	5.0725	5.67857	5.06554	0.757163	-0.2	-0.345637	0.557012	0.876972	1.21709	0.109129	-0.150896	1.03176	
4.74359	5.12187	5.75099	5.191	0.605153	-0.18155	-0.192016	0.2329	0.281746	0.790214	-2.54129	0.4461	1.42617	
4.87179	5.14093	5.76287	5.26815	0.223161	-0.0768345	-0.0514401	0.0719925	-0.0917102	0.444297	-3.57058	1.22935	0.823035	
5	5.14824	5.74687	5.28794	1.34809e-07	-1.6902e-07	-1.89205e-07	0.0449688	-0.164395	-0.127747	-1.05856e-08	8.14255e-09	5.70259e-08	
