0	-4.25067	-4.37753	-4.38702	4.86197e-18	1.97201e-17	-1.89987e-18	-0.0472749	-0.136675	0.19711	8.19859e-19	-1.2915e-18	1.56936e-17	
0.128205	-4.25312	-4.39358	-4.36702	-0.0252466	0.0970096	0.0753311	0.00805974	-0.12002	0.122885	-0.403945	1.55215	1.2053	
0.25641	-4.24127	-4.40556	-4.35338	-0.00214117	0.2	0.284237	0.181531	-0.0716216	0.0953127	0.773631	0.095694	2.13719	
0.384615	-4.20195	-4.41318	-4.34082	0.146971	0.2	0.575676	0.447544	-0.0503328	0.105685	1.61217	-0.095694	2.52584	
0.512821	-4.12186	-4.42276	-4.32691	0.317354	0.2	0.897591	0.833908	-0.102939	0.116927	1.11396	0.095694	2.6248	
0.641026	-3.98465	-4.43682	-4.31312	0.404519	0.2	1.2027	1.36152	-0.122033	0.103718	0.280673	-0.095694	2.25697	
0.769231	-3.77841	-4.44526	-4.3017	0.417101	0.2	1.45665	1.93824	-0.0130403	0.0789536	-0.0793621	0.0956939	1.80621	
0.897436	-3.50259	-4.43245	-4.29324	0.399558	0.198767	1.63928	2.47496	0.217997	0.0564098	-0.201322	-0.115415	1.11579	
1.02564	-3.16398	-4.38723	-4.28691	0.367077	0.17579	1.7393	2.94281	0.505501	0.0448393	-0.318373	-0.252227	0.484598	
1.15385	-2.77098	-4.30593	-4.28087	0.321694	0.162581	1.77294	3.34507	0.795255	0.0518828	-0.407754	0.0408926	0.0536517	
1.28205	-2.33182	-4.18864	-4.27269	0.265707	0.18033	1.75134	3.68149	1.08149	0.079005	-0.488043	0.24309	-0.399325	
1.41026	-1.85484	-4.03564	-4.25987	0.197366	0.199845	1.66839	3.95031	1.36652	0.12615	-0.605412	0.0691507	-0.927878	
1.53846	-1.3485	-3.84808	-4.2397	0.113757	0.2	1.52326	4.15115	1.63437	0.196552	-0.732329	-0.0666769	-1.39407	
1.66667	-0.821708	-3.62805	-4.20927	0.01658	0.2	1.32306	4.27745	1.8861	0.290278	-0.822504	0.0666769	-1.80926	
1.79487	-0.283621	-3.37544	-4.16612	-0.0864794	0.2	1.07112	4.33195	2.15565	0.400131	-0.826447	-0.0666769	-2.22168	
1.92308	0.257731	-3.08721	-4.10843	-0.178866	0.149713	0.776786	4.32969	2.45602	0.52294	-0.651739	-0.737921	-2.48769	
2.05128	0.794437	-2.76122	-4.0342	-0.237056	0.0204205	0.454607	4.2576	2.75989	0.664651	-0.279299	-1.33075	-2.66718	
2.17949	1.31672	-2.39726	-3.94117	-0.237072	-0.122368	0.0930162	4.09891	3.06348	0.823935	0.279044	-0.953862	-3.11828	
2.30769	1.81754	-1.99494	-3.82683	-0.159451	-0.187486	-0.328951	3.91427	3.37361	1.00541	0.962886	-0.0880242	-3.6332	
2.4359	2.29584	-1.5574	-3.68731	-0.0030861	-0.2	-0.799724	3.73853	3.62708	1.22698	1.53896	-0.112204	-3.89916	
2.5641	2.74603	-1.09226	-3.51841	0.195645	-0.2	-1.30768	3.46443	3.81509	1.47539	1.64074	0.112204	-4.2281	
2.69231	3.15358	-0.600883	-3.31866	0.339083	-0.112784	-1.8334	3.05632	4.04701	1.72063	0.654279	1.28325	-4.18352	
2.82051	3.50939	-0.0770004	-3.08775	0.321741	0.0631609	-2.36731	2.63679	4.33511	1.97388	-0.93176	1.53186	-4.35898	
2.94872	3.81754	0.478758	-2.82298	0.136229	0.2	-2.94765	2.2936	4.55701	2.26239	-2.03643	0.657562	-4.92639	
3.07692	4.08506	1.05226	-2.52056	-0.105386	0.2	-3.57936	1.98663	4.61904	2.57645	-1.82941	-0.657562	-5.181	
3.20513	4.31244	1.62559	-2.17861	-0.247495	0.0557111	-4.22165	1.6515	4.55422	2.89475	-0.444322	-1.65106	-5.09569	
3.33333	4.49787	2.18788	-1.79602	-0.193856	-0.127705	-4.87881	1.31538	4.44237	3.22665	1.30254	-1.2836	-5.41892	
3.46154	4.64699	2.73294	-1.3698	0.0306534	-0.2	-5.57925	1.07056	4.27866	3.59281	2.28961	0.126891	-5.78803	
3.58974	4.77159	3.24868	-0.896513	0.257947	-0.0986565	-6.293	0.922951	3.97317	3.97983	1.34709	1.49461	-5.63196	
3.71795	4.87613	3.71838	-0.374482	0.300871	0.0889897	-7.00382	0.749726	3.54207	4.37266	-0.660321	1.50773	-5.74122	
3.84615	4.95535	4.13664	0.199046	0.152601	0.2	-7.7468	0.517844	3.15004	4.80379	-1.71199	0.26843	-6.14651	
3.97436	5.01133	4.51018	0.830613	-0.100264	0.2	-8.51698	0.377713	2.82665	5.30128	-2.33386	-0.26843	-6.17634	
4.10256	5.05834	4.8248	1.52303	-0.5058	0.151539	-9.32285	0.374567	2.20728	5.77734	-4.15472	-0.506945	-6.71758	
4.23077	5.08803	5.03483	2.26267	-0.746546	-0.140073	-10.0197	0.100404	1.15311	6.05701	0.30278	-4.15884	-4.43244	
4.35897	5.09021	5.15209	3.0295	0.196924	-0.2	-10.6477	-0.0655753	0.723131	6.21221	14.7927	3.2	-5.61549	
4.48718	5.11378	5.25436	3.73399	2.67478	0.2	-10.6278	0.442733	0.913198	5.05964	24.853	3.2	5.93462	
4.61538	5.16846	5.34451	4.25758	4.83354	0.2	-8.82787	0.432156	0.529114	3.31774	9.68719	-3.2	22.8639	
4.74359	5.27196	5.45739	4.59513	4.57554	0.2	-5.36936	1.22384	1.27696	2.08312	-13.8153	3.2	32.4723	
4.87179	5.43315	5.60957	4.72767	1.85604	0.2	-1.66992	1.35527	1.15789	0.0375144	-29.6967	-3.2	26.7187	
5	5.52804	5.67595	4.73607	1.17201e-15	2.4498e-15	-2.53735e-16	0.162898	-0.0957879	0.0968635	-3.84828e-17	-1.71035e-16	9.9272e-17	
