0	-4.97065	-4.63524	-4.70399	4.63904e-16	-9.42611e-15	2.22639e-15	0.182964	-0.196991	-0.125099	-8.69765e-17	-3.56511e-16	-6.83644e-17	
0.128205	-4.94316	-4.65558	-4.69742	-0.0872493	0.0927228	-0.0166687	0.256918	-0.128488	0.230313	-1.39599	1.48357	-0.266699	
0.25641	-4.89622	-4.65792	-4.64792	-0.199683	0.2	-0.0501945	0.494001	0.0911448	0.561624	-0.402947	0.23287	-0.269714	
0.384615	-4.81399	-4.62822	-4.55937	-0.199263	0.2	-0.0792691	0.821732	0.384071	0.855264	0.409671	-0.23287	-0.19548	
0.512821	-4.69085	-4.56412	-4.43506	-0.170423	0.195238	-0.108122	1.14852	0.641531	1.13359	0.0517677	0.156676	-0.266158	
0.641026	-4.52681	-4.46982	-4.27717	-0.174971	0.199982	-0.138305	1.47614	0.867215	1.39269	-0.124536	-0.0807771	-0.216773	
0.769231	-4.3224	-4.34737	-4.08827	-0.183588	0.179407	-0.162812	1.79441	1.09204	1.62967	-0.0133402	-0.24841	-0.175337	
0.897436	-4.08025	-4.19681	-3.87083	-0.181624	0.152645	-0.18492	2.0799	1.31679	1.84945	0.0447632	-0.179786	-0.178389	
1.02564	-3.80449	-4.01866	-3.62692	-0.177089	0.132695	-0.207074	2.33236	1.53368	2.05306	0.0277997	-0.139416	-0.176083	
1.15385	-3.49884	-3.81391	-3.35864	-0.173865	0.114188	-0.22824	2.55799	1.74225	2.23939	0.0237806	-0.156699	-0.162575	
1.28205	-3.16666	-3.58349	-3.06817	-0.169919	0.0939388	-0.247764	2.75699	1.94454	2.4082	0.0393521	-0.167284	-0.149808	
1.41026	-2.81135	-3.32816	-2.75768	-0.164253	0.0732463	-0.265831	2.92787	2.14076	2.55969	0.051302	-0.163796	-0.139265	
1.53846	-2.43646	-3.04871	-2.42933	-0.157452	0.0529022	-0.282544	3.07047	2.33041	2.69389	0.0575162	-0.161709	-0.128134	
1.66667	-2.04548	-2.74597	-2.08528	-0.149765	0.032716	-0.297821	3.18516	2.5134	2.81082	0.0654769	-0.161269	-0.116313	
1.79487	-1.6419	-2.42079	-1.7277	-0.141011	0.0126455	-0.311602	3.27211	2.68962	2.9105	0.0745907	-0.159859	-0.104177	
1.92308	-1.22918	-2.07399	-1.35874	-0.131618	-0.00761341	-0.323779	3.33131	2.85912	2.99292	0.0756868	-0.164284	-0.0906486	
2.05128	-0.81083	-1.70637	-0.980558	-0.12239	-0.0287807	-0.334182	3.36235	3.02278	3.05794	0.0719618	-0.174392	-0.0758089	
2.17949	-0.390381	-1.31863	-0.595343	-0.111993	-0.0500143	-0.342852	3.36483	3.18102	3.1055	0.0943926	-0.165346	-0.0629091	
2.30769	0.0286719	-0.911706	-0.205268	-0.0962838	-0.06746	-0.350167	3.34002	3.32984	3.1357	0.15696	-0.113785	-0.0541364	
2.4359	0.44318	-0.487354	0.1875	-0.072902	-0.0773817	-0.35636	3.29212	3.45978	3.14858	0.217149	-0.0449621	-0.0449439	
2.5641	0.850615	-0.0485395	0.580802	-0.0446095	-0.080631	-0.36108	3.22685	3.56126	3.14425	0.23553	-0.00702621	-0.0305835	
2.69231	1.24906	0.400909	0.97249	-0.0154959	-0.0814162	-0.363806	3.14826	3.62992	3.12276	0.230288	-0.00553813	-0.0130312	
2.82051	1.63692	0.856895	1.36041	0.0133604	-0.082581	-0.364315	3.05751	3.66586	3.08402	0.231413	-0.0130978	0.00489562	
2.94872	2.01266	1.31538	1.74242	0.0427698	-0.0844155	-0.362575	2.95425	3.66986	3.02801	0.239138	-0.016255	0.0229399	
3.07692	2.37468	1.77237	2.11634	0.0730029	-0.0865534	-0.358549	2.83815	3.64197	2.95471	0.244592	-0.0179505	0.0414814	
3.20513	2.72139	2.22387	2.48001	0.103795	-0.0890878	-0.352193	2.70925	3.58203	2.86409	0.248082	-0.0226001	0.0602165	
3.33333	3.0512	2.66587	2.83128	0.13511	-0.0924308	-0.34351	2.56762	3.49002	2.75618	0.252955	-0.0308877	0.078712	
3.46154	3.3625	3.09436	3.16797	0.166972	-0.0968989	-0.332513	2.41319	3.36589	2.63089	0.256837	-0.040602	0.0972419	
3.58974	3.65369	3.50534	3.48792	0.198934	-0.102597	-0.319191	2.24594	3.20971	2.48826	0.254561	-0.0505633	0.115908	
3.71795	3.9232	3.89481	3.78896	0.230534	-0.109542	-0.303521	2.06621	3.02185	2.32841	0.251036	-0.0605655	0.13481	
3.84615	4.16949	4.25881	4.06895	0.262862	-0.117858	-0.2855	1.87435	2.80213	2.15142	0.266216	-0.0724912	0.153529	
3.97436	4.391	4.59325	4.32571	0.29784	-0.128876	-0.265505	1.66983	2.54889	1.95683	0.293432	-0.103788	0.166378	
4.10256	4.58602	4.89391	4.55701	0.331943	-0.145357	-0.244519	1.45047	2.26172	1.74396	0.25222	-0.159913	0.169397	
4.23077	4.75264	5.15696	4.76066	0.354518	-0.164891	-0.221742	1.21554	1.94698	1.51436	0.108978	-0.152637	0.195044	
4.35897	4.88943	5.37931	4.93482	0.370938	-0.173839	-0.191864	0.97301	1.61065	1.27233	0.153736	0.00946966	0.283006	
4.48718	4.99606	5.55702	5.07768	0.426327	-0.175799	-0.155903	0.733164	1.23274	1.01337	0.732487	-0.0408173	0.292359	
4.61538	5.07244	5.68242	5.18576	0.528554	-0.2	-0.12897	0.488915	0.773629	0.715918	0.903144	-0.346407	0.13857	
4.74359	5.11861	5.74809	5.25526	0.495251	-0.2	-0.0891979	0.249706	0.277106	0.396045	-1.43598	0.346407	0.497791	
4.87179	5.13982	5.76127	5.28797	0.202751	-0.0891748	-0.029043	0.0897335	-0.0661387	0.127271	-3.24402	1.4268	0.464688	
5	5.14824	5.74687	5.28794	3.36589e-15	9.69636e-16	9.32415e-17	0.0449685	-0.164395	-0.127747	-2.43409e-16	-3.60016e-17	-3.7926e-16	
