0	-5.33032	-4.16527	-5.14154	1.00891e-16	-5.23825e-17	-5.71631e-17	0.190262	-0.00391225	0.124657	-9.32146e-19	-3.0727e-17	-2.78698e-17	
0.128205	-5.30559	-4.15742	-5.10377	-0.168407	0.0183338	-0.0106263	0.205466	0.129478	0.479666	-2.69451	0.29334	-0.170021	
0.25641	-5.27635	-4.11465	-5.02459	-0.374108	0.0421009	-0.0387014	0.262336	0.554952	0.78716	-0.596708	0.0869336	-0.27918	
0.384615	-5.23767	-4.01075	-4.91057	-0.346842	0.0423733	-0.0760451	0.356561	1.10743	1.03717	1.03297	-0.0825751	-0.31832	
0.512821	-5.18665	-3.8437	-4.76502	-0.262292	0.0350261	-0.122308	0.459735	1.56528	1.29168	0.319828	-0.03498	-0.421882	
0.641026	-5.12245	-3.62471	-4.58784	-0.24759	0.0329791	-0.180675	0.567579	1.93862	1.54318	-0.0845981	0.00222743	-0.511989	
0.769231	-5.04367	-3.36057	-4.38055	-0.24664	0.0328218	-0.249016	0.692804	2.28762	1.77357	0.0998059	-0.0047431	-0.581469	
0.897436	-4.9481	-3.0546	-4.14568	-0.227992	0.0325005	-0.325393	0.836335	2.60782	1.98426	0.198561	-0.000397651	-0.640569	
1.02564	-4.83376	-2.71136	-3.88547	-0.206896	0.033808	-0.408697	0.99307	2.88414	2.17918	0.138966	0.0213166	-0.692296	
1.15385	-4.69901	-2.33624	-3.6019	-0.192282	0.037908	-0.497858	1.16292	3.11774	2.35794	0.0948596	0.0442848	-0.734278	
1.28205	-4.54209	-1.93436	-3.29705	-0.180817	0.0446014	-0.591584	1.34779	3.3123	2.51965	0.0885836	0.0628089	-0.765341	
1.41026	-4.36115	-1.51062	-2.97304	-0.170596	0.0535691	-0.688557	1.54736	3.46753	2.66443	0.0749557	0.0806744	-0.786214	
1.53846	-4.15438	-1.06999	-2.63198	-0.163552	0.0652361	-0.787624	1.7609	3.5826	2.79249	0.0377503	0.105998	-0.79886	
1.66667	-3.91998	-0.617482	-2.27598	-0.161825	0.0801173	-0.887737	1.98961	3.65753	2.90364	-0.0101211	0.1321	-0.802949	
1.79487	-3.65598	-0.158108	-1.90714	-0.164148	0.0961327	-0.987462	2.23434	3.69246	2.99768	-0.0270487	0.124147	-0.792655	
1.92308	-3.36073	0.303188	-1.52762	-0.164956	0.108351	-1.08476	2.48968	3.68827	3.07476	0.0141153	0.0713413	-0.76409	
2.05128	-3.0337	0.761716	-1.13951	-0.15967	0.114533	-1.17785	2.74276	3.64818	3.13494	0.0704725	0.0275823	-0.7253	
2.17949	-2.67597	1.21327	-0.744932	-0.14976	0.118522	-1.26594	2.98092	3.57667	3.17833	0.0880777	0.0362308	-0.684149	
2.30769	-2.28975	1.65408	-0.345959	-0.139653	0.125369	-1.3485	3.19856	3.47633	3.20524	0.0736416	0.0733206	-0.636946	
2.4359	-1.87759	2.08055	0.0553437	-0.132054	0.136929	-1.42456	3.39607	3.34722	3.21561	0.0479444	0.111647	-0.579879	
2.5641	-1.44184	2.48901	0.456875	-0.127644	0.153328	-1.49287	3.57594	3.18809	3.2089	0.0226186	0.150736	-0.513189	
2.69231	-0.984663	2.87563	0.856485	-0.123075	0.173005	-1.55199	3.73887	2.99783	3.18485	0.0504754	0.164093	-0.43273	
2.82051	-0.508588	3.23671	1.25203	-0.109189	0.190182	-1.59978	3.87833	2.7795	3.14378	0.171707	0.110741	-0.331859	
2.94872	-0.0174594	3.56949	1.64139	-0.0785462	0.198002	-1.63407	3.97973	2.54487	3.08608	0.318574	0.0143691	-0.216733	
3.07692	0.483067	3.87297	2.02251	-0.0335857	0.195857	-1.65385	4.02869	2.31082	3.01187	0.400794	-0.0486825	-0.0998541	
3.20513	0.986026	4.14798	2.39333	0.018164	0.189389	-1.65879	4.01866	2.08938	2.92119	0.427203	-0.0548059	0.0208906	
3.33333	1.48404	4.39631	2.75178	0.0729773	0.182444	-1.64804	3.94954	1.88391	2.81395	0.449809	-0.0563187	0.15107	
3.46154	1.96979	4.61991	3.09577	0.131097	0.172905	-1.62067	3.82253	1.69366	2.69	0.480106	-0.0962966	0.286881	
3.58974	2.43607	4.82065	3.42323	0.192595	0.156745	-1.57618	3.63793	1.51813	2.5493	0.503861	-0.16227	0.424918	
3.71795	2.87567	5.00031	3.73204	0.25601	0.131933	-1.5142	3.39562	1.35654	2.39171	0.510778	-0.234711	0.566806	
3.84615	3.28138	5.16056	4.02009	0.318801	0.0947808	-1.43514	3.0957	1.20734	2.21708	0.493884	-0.359731	0.698131	
3.97436	3.64596	5.30309	4.28526	0.37752	0.0346296	-1.34239	2.73769	1.07327	2.02565	0.445616	-0.60269	0.785939	
4.10256	3.96198	5.43034	4.52543	0.427506	-0.0538912	-1.23792	2.31861	0.962669	1.81709	0.354163	-0.813643	0.885493	
4.23077	4.22185	5.54491	4.73841	0.459988	-0.146495	-1.1089	1.83933	0.870496	1.59052	0.165549	-0.668016	1.17882	
4.35897	4.41962	5.64666	4.92234	0.460665	-0.2	-0.931213	1.32498	0.757547	1.35239	-0.154724	-0.188067	1.6642	
4.48718	4.55483	5.73003	5.07676	0.42288	-0.2	-0.701859	0.838366	0.576286	1.11823	-0.449824	0.188067	2.00547	
4.61538	4.63466	5.78722	5.2026	0.352156	-0.2	-0.460975	0.438948	0.338819	0.895226	-0.681767	-0.188067	1.84867	
4.74359	4.67088	5.81575	5.30085	0.233754	-0.2	-0.240407	0.140495	0.117683	0.676904	-1.21266	0.188067	1.68041	
4.87179	4.67782	5.82209	5.371	0.0789814	-0.0941229	-0.0676908	-0.0294477	-0.0163746	0.445453	-1.2637	1.50597	1.08305	
5	4.67124	5.81777	5.40995	3.60582e-16	6.61172e-17	-1.82311e-16	-0.075844	-0.0527369	0.177651	-4.33599e-19	3.26287e-17	2.09398e-16	
