0	-5.48681	-5.75571	-4.5404	0	0	0	-0.123632	-0.180973	-0.15881	0	0	0	
0.128205	-5.49751	-5.77419	-4.53819	-0.0850861	0.0950246	-0.0286057	-0.0475859	-0.11475	0.194213	-1.36138	1.52039	-0.457691	
0.25641	-5.48813	-5.77534	-4.49299	-0.198955	0.2	-0.0934859	0.19769	0.0963172	0.528899	-0.46052	0.159214	-0.580392	
0.384615	-5.44162	-5.74579	-4.40811	-0.210164	0.2	-0.166594	0.546426	0.376602	0.829197	0.281169	-0.159214	-0.589343	
0.512821	-5.35057	-5.68323	-4.28682	-0.195669	0.2	-0.244328	0.910416	0.624255	1.11155	-0.0492443	0.159214	-0.654397	
0.641026	-5.21326	-5.59173	-4.13161	-0.209786	0.2	-0.320012	1.28661	0.839774	1.37168	-0.176634	-0.159214	-0.556539	
0.769231	-5.0289	-5.4736	-3.94543	-0.223701	0.17905	-0.38626	1.66309	1.05034	1.60729	-0.0460066	-0.175988	-0.503442	
0.897436	-4.7986	-5.32943	-3.73106	-0.224687	0.157366	-0.446089	2.02178	1.25634	1.82263	0.0302288	-0.170948	-0.45381	
1.02564	-4.52506	-5.16016	-3.49086	-0.220568	0.131906	-0.498823	2.35476	1.45206	2.02054	0.0356821	-0.236417	-0.389941	
1.15385	-4.2119	-4.96683	-3.22695	-0.215389	0.10378	-0.544943	2.65576	1.64116	2.202	0.0471757	-0.213608	-0.347977	
1.28205	-3.86316	-4.75012	-2.94141	-0.207874	0.0790478	-0.586043	2.92422	1.82622	2.36673	0.0730715	-0.182101	-0.309628	
1.41026	-3.48277	-4.5106	-2.63633	-0.197453	0.0569039	-0.622162	3.16196	2.006	2.51454	0.0936561	-0.172202	-0.268266	
1.53846	-3.07458	-4.24899	-2.31382	-0.184915	0.035755	-0.653157	3.36907	2.17983	2.6455	0.106958	-0.16618	-0.22766	
1.66667	-2.64244	-3.966	-1.976	-0.170832	0.0156252	-0.679213	3.54511	2.34805	2.75964	0.11837	-0.155898	-0.189231	
1.79487	-2.19024	-3.66232	-1.62497	-0.155373	-0.00323281	-0.700537	3.69007	2.51084	2.85694	0.128978	-0.145829	-0.151959	
1.92308	-1.72186	-3.33863	-1.26282	-0.138717	-0.0210287	-0.717243	3.80404	2.66808	2.9374	0.137511	-0.138904	-0.115337	
2.05128	-1.24117	-2.99565	-0.89167	-0.121157	-0.0381552	-0.729416	3.88703	2.81976	3.00102	0.143448	-0.13512	-0.0794211	
2.17949	-0.752046	-2.63404	-0.51362	-0.102955	-0.0548917	-0.737159	3.93897	2.96597	3.04779	0.147787	-0.132665	-0.0444701	
2.30769	-0.258366	-2.2545	-0.130776	-0.0841757	-0.071201	-0.740611	3.9599	3.10669	3.07772	0.152684	-0.128283	-0.0107715	
2.4359	0.235998	-1.85773	0.25476	-0.0648678	-0.0870796	-0.739903	3.94994	3.24152	3.09085	0.156241	-0.125775	0.0221024	
2.5641	0.727187	-1.44448	0.640887	-0.0457404	-0.103708	-0.73509	3.90907	3.3705	3.08718	0.149797	-0.140278	0.0549092	
2.69231	1.2113	-1.01537	1.02549	-0.0277855	-0.122699	-0.726239	3.83678	3.49521	3.06651	0.137481	-0.163578	0.086706	
2.82051	1.68441	-0.570914	1.40645	-0.00962624	-0.141406	-0.713553	3.73288	3.61615	3.02877	0.153068	-0.135738	0.116272	
2.94872	2.1427	-0.111996	1.78163	0.0133768	-0.151542	-0.697136	3.59983	3.72652	2.97417	0.214981	-0.0264364	0.146397	
3.07692	2.58292	0.359092	2.14895	0.0444081	-0.147854	-0.676663	3.44373	3.81089	2.90288	0.281518	0.0854444	0.181165	
3.20513	3.00261	0.838144	2.50631	0.081322	-0.135337	-0.651821	3.27134	3.85393	2.81495	0.309105	0.114826	0.21632	
3.33333	3.39996	1.31956	2.85164	0.120072	-0.123017	-0.622934	3.08623	3.84879	2.71039	0.310892	0.0822926	0.245863	
3.46154	3.77338	1.79734	3.18286	0.159168	-0.115008	-0.590569	2.88852	3.79566	2.58908	0.314642	0.0458578	0.271982	
3.58974	4.12125	2.26558	3.49786	0.198775	-0.110912	-0.554998	2.67742	3.69607	2.45088	0.319068	0.0196793	0.297143	
3.71795	4.44191	2.7185	3.79453	0.238684	-0.109857	-0.51636	2.45302	3.55065	2.29592	0.319477	-0.00280831	0.321074	
3.84615	4.73372	3.15034	4.0708	0.279732	-0.111686	-0.474855	2.21601	3.3589	2.12433	0.337296	-0.0264507	0.343002	
3.97436	4.9951	3.5552	4.32455	0.324218	-0.117944	-0.4312	1.96604	3.11876	1.93559	0.374478	-0.0736753	0.355482	
4.10256	5.22428	3.92696	4.55357	0.368633	-0.132309	-0.387079	1.70085	2.8295	1.72873	0.336162	-0.156171	0.350455	
4.23077	5.41933	4.25996	4.75571	0.399386	-0.153597	-0.342523	1.41986	2.49843	1.50567	0.155888	-0.184431	0.362443	
4.35897	5.57874	4.54948	4.92933	0.419601	-0.167988	-0.291861	1.13074	2.13393	1.27212	0.167544	-0.0458213	0.448142	
4.48718	5.70206	4.78997	5.07274	0.483324	-0.17507	-0.234445	0.84238	1.71392	1.02246	0.852027	-0.0675023	0.470519	
4.61538	5.78908	4.97136	5.18207	0.607936	-0.2	-0.184931	0.549951	1.18822	0.726808	1.14177	-0.331371	0.321704	
4.74359	5.84059	5.0832	5.25274	0.579182	-0.2	-0.120553	0.274315	0.601354	0.403997	-1.60183	0.331371	0.708337	
4.87179	5.86385	5.13232	5.28784	0.239534	-0.0896447	-0.0381411	0.0978127	0.184423	0.157565	-3.83254	1.43431	0.610257	
5	5.87311	5.14784	5.29383	-7.98645e-14	1.6387e-13	0	0.0503423	0.0640019	-0.0617066	0	0	0	
